1750198648.879096270
1750198649.207619429
1750198649.537780285
1750198649.866334677
1750198650.200342178
1750198650.531760216
1750198650.867942810
1750198651.200427055
1750198651.539652348
1750198651.875529051
1750198652.208532572
1750198652.548493624
1750198652.883518696
1750198653.218558788
1750198653.555291653
1750198653.892000675
1750198654.228654861
1750198654.556090355
1750198654.882073879
1750198655.213878155
1750198655.546607733
1750198655.872931242
1750198656.206737518
1750198656.541839838
1750198656.872780800
1750198657.208043814
1750198657.534891367
1750198657.782718182
1750198658.005820513
1750198658.215313435
1750198658.423325300
1750198658.633605719
1750198658.840856552
1750198659.048828363
1750198659.252848387
1750198659.463570118
1750198659.669847250
1750198659.883104563
1750198660.093515873
1750198660.306679487
1750198660.523540735
1750198660.736918449
1750198660.953006268
1750198661.162390709
1750198661.375188828
1750198661.583436728
1750198661.790689945
1750198662.001821280
1750198662.211898327
1750198662.420696259
1750198662.626830816
1750198662.830044985
1750198663.030170679
1750198663.228301764
1750198663.426353931
1750198663.625385284
1750198663.829642534
1750198664.032584429
1750198664.239744425
1750198664.450841427
1750198664.668524504
1750198664.880482912
1750198665.095691919
1750198665.307872534
1750198665.522443056
1750198665.734961033
1750198665.947790384
1750198666.152644157
1750198666.361651182
1750198666.569921255
1750198666.775477409
1750198666.979589462
1750198667.183119297
1750198667.386298895
1750198667.590818882
1750198667.795705080
1750198667.999859095
1750198668.198170424
1750198668.398417234
1750198668.596774817
1750198668.796849251
1750198668.995097399
1750198669.193852663
1750198669.390665531
1750198669.594707012
1750198669.800863504
1750198670.006914377
1750198670.215856075
1750198670.430958748
1750198670.647761583
1750198670.879521370
1750198671.113097906
1750198671.371959925
1750198671.709461451
1750198672.045764208
1750198672.328019857
1750198672.590149641
1750198672.836801529
1750198673.078188181
1750198673.324837685
1750198673.599751472
1750198673.938287735
1750198674.258628130
1750198674.521890163
1750198674.851446867
1750198675.197858572
1750198675.554341793
1750198675.908372641
1750198676.259753704
1750198676.612673759
1750198676.968134165
1750198677.324980497
1750198677.679016352
1750198678.033789396
1750198678.387338638
1750198678.736069918
1750198679.088597775
1750198679.440412045
1750198679.793034315
1750198680.154473782
1750198680.506753445
1750198680.855020046
1750198681.207864285
1750198681.503162861
1750198681.853845358
1750198682.209038734
1750198682.561361551
1750198682.860429525
1750198683.092460632
1750198683.321115732
1750198683.553250074
1750198683.822731495
1750198684.089590788
1750198684.379226446
1750198684.733055592
1750198685.086598635
1750198685.447217226
1750198685.806417465
1750198686.160020828
1750198686.518946648
1750198686.839513779
1750198687.097694397
1750198687.445736647
1750198687.787338257
1750198688.137263060
1750198688.476806641
1750198688.818027735
1750198689.148207903
1750198689.472474337
1750198689.720350981
1750198690.024005651
1750198690.293139696
1750198690.608076334
1750198690.973348141
1750198691.332368612
1750198691.680809736
1750198692.036727190
1750198692.360964060
1750198692.689169407
1750198692.943441153
1750198693.266495228
1750198693.622636795
1750198693.982056618
1750198694.343799591
1750198694.696604729
1750198695.043435097
1750198695.402474165
1750198695.761234283
1750198696.090969324
1750198696.350472689
1750198696.649960041
1750198696.933351994
1750198697.186440229
1750198697.436091900
1750198697.726215124
1750198698.074572086
1750198698.363513231
1750198698.598352671
1750198698.912392139
1750198699.262743950
1750198699.607907772
1750198699.954161644
1750198700.310798883
1750198700.590649605
1750198700.879293680
1750198701.122147560
1750198701.432808876
1750198701.778046608
1750198702.122123480
1750198702.466093063
1750198702.817506552
1750198703.160384178
1750198703.425857306
1750198703.683164835
1750198703.913843155
1750198704.142248869
1750198704.371159077
1750198704.614914656
1750198704.855305910
1750198705.109418869
1750198705.365262032
1750198705.598214149
1750198705.831847906
1750198706.085191727
1750198706.316494226
1750198706.548942804
1750198706.782362223
1750198707.013018370
1750198707.239049911
1750198707.495275974
1750198707.739143848
1750198707.971753836
1750198708.207963943
1750198708.436588049
1750198708.656947613
1750198708.889410019
1750198709.137474298
1750198709.365952492
1750198709.596858263
1750198709.826290846
1750198710.051036119
1750198710.284693480
1750198710.514907360
1750198710.734931231
1750198710.956682444
1750198711.175770521
1750198711.393146038
1750198711.609956503
1750198711.817949533
1750198712.024784327
1750198712.231569290
1750198712.442284346
1750198712.647774935
1750198712.847853661
1750198713.047111511
1750198713.249170542
1750198713.449395657
1750198713.657035589
1750198713.863134384
1750198714.075284958
1750198714.292702913
1750198714.504188299
1750198714.723848820
1750198714.925468922
1750198715.128449202
1750198715.331563950
1750198715.535836458
1750198715.733012915
1750198715.942476273
1750198716.152028084
1750198716.367092371
1750198716.587199450
1750198716.798240423
1750198717.002970457
1750198717.220023870
1750198717.445600986
1750198717.673078775
1750198717.892319202
1750198718.112339735
1750198718.333264351
1750198718.555127382
1750198718.768858194
1750198718.974687576
1750198719.184690475
1750198719.397960424
1750198719.610177994
1750198719.828549147
1750198720.043034077
1750198720.257626295
1750198720.470757484
1750198720.685331345
1750198720.900265455
1750198721.115398169
1750198721.333012342
1750198721.557203293
1750198721.772267342
1750198721.981689692
1750198722.190971613
1750198722.401600599
1750198722.611441851
1750198722.821809053
1750198723.031328917
1750198723.243252277
1750198723.454769611
1750198723.670858860
1750198723.891872883
1750198724.114050150
1750198724.329945564
1750198724.542339087
1750198724.750574827
1750198724.970082521
1750198725.181702614
1750198725.393064499
1750198725.603404999
1750198725.809043646
1750198726.018831015
1750198726.225512981
1750198726.428735495
1750198726.634710073
1750198726.838715076
1750198727.044797421
1750198727.253636360
1750198727.461919308
1750198727.670571804
1750198727.881482124
1750198728.092496395
1750198728.309636354
1750198728.528696537
1750198728.749873400
1750198728.974704981
1750198729.198040247
1750198729.419113398
1750198729.640478611
1750198729.858517170
1750198730.070053339
1750198730.285135984
1750198730.503250599
1750198730.708995819
1750198730.914237499
1750198731.126268387
1750198731.335858583
1750198731.541509628
1750198731.750053644
1750198731.960001945
1750198732.171495199
1750198732.383352041
1750198732.594847918
1750198732.809960842
1750198733.024457932
1750198733.237694979
1750198733.457810640
1750198733.681930304
1750198733.889534950
1750198734.099486828
1750198734.311283827
1750198734.525962353
1750198734.741838694
1750198734.963881731
1750198735.178960800
1750198735.393965006
1750198735.604830980
1750198735.819219112
1750198736.032257080
1750198736.239941359
1750198736.448966742
1750198736.662982464
1750198736.883085489
1750198737.099756956
1750198737.318501711
1750198737.535795689
1750198737.753568411
1750198737.961332321
1750198738.174063683
1750198738.385347843
1750198738.595477819
1750198738.805144787
1750198739.015923977
1750198739.225542307
1750198739.441422701
1750198739.661226034
1750198739.883250237
1750198740.100788832
1750198740.317227125
1750198740.529132366
1750198740.747528791
1750198740.956927776
1750198741.167728424
1750198741.375509262
1750198741.586404800
1750198741.798739195
1750198742.009140730
1750198742.219142199
1750198742.424411058
1750198742.623651743
1750198742.823882818
1750198743.018725157
1750198743.216874838
1750198743.416146278
1750198743.613325596
1750198743.813394785
1750198744.014453650
1750198744.217946768
1750198744.423402548
1750198744.633082390
1750198744.841341972
1750198745.050594568
1750198745.266120672
1750198745.475151539
1750198745.687247753
1750198745.895800352
1750198746.101219654
1750198746.309758186
1750198746.520991564
1750198746.732644320
1750198746.944329977
1750198747.159766674
1750198747.375578165
1750198747.592030525
1750198747.814017296
1750198748.031128883
1750198748.255550623
1750198748.474416494
1750198748.691133738
1750198748.908740044
1750198749.126889944
1750198749.347688675
1750198749.566213369
1750198749.784533978
1750198750.003898859
1750198750.223635912
1750198750.445587873
1750198750.662317514
1750198750.885376453
1750198751.099066019
1750198751.310237408
1750198751.522055387
1750198751.734745502
1750198751.942888737
1750198752.152134180
1750198752.353079319
1750198752.559322119
1750198752.767926693
1750198752.975863457
1750198753.178214073
1750198753.381166935
1750198753.579680920
1750198753.775729418
1750198753.975318432
1750198754.173175097
1750198754.357636452
1750198754.554187059
1750198754.776565790
1750198755.004867554
1750198755.210856676
1750198755.422773600
1750198755.633425236
1750198755.843435526
1750198756.027596235
1750198756.232589722
1750198756.410884619
1750198756.618834257
1750198756.832699060
1750198757.043483019
1750198757.260684490
1750198757.473438263
1750198757.689253092
1750198757.898630857
1750198758.108479261
1750198758.324050188
1750198758.542720795
1750198758.755187511
1750198758.975187778
1750198759.189686775
1750198759.402045965
1750198759.612384796
1750198759.816370964
1750198760.022152662
1750198760.225296497
1750198760.428252935
1750198760.634272099
1750198760.833018064
1750198761.031645536
1750198761.225464344
1750198761.421561241
1750198761.616271019
1750198761.808393478
1750198762.002017260
1750198762.193304300
1750198762.385008812
1750198762.575200319
1750198762.767918825
1750198762.958572149
1750198763.151451588
1750198763.342141151
1750198763.533810616
1750198763.726216555
1750198763.917191505
1750198764.111386299
1750198764.301909208
1750198764.495778799
1750198764.692910194
1750198764.889723301
1750198765.087131500
1750198765.283220291
1750198765.480622530
1750198765.679422617
1750198765.897297144
1750198766.101997375
1750198766.309075594
1750198766.512099743
1750198766.717966080
1750198766.921628714
1750198767.122797728
1750198767.324492693
1750198767.523818970
1750198767.720319510
1750198767.920576811
1750198768.116281509
1750198768.310414314
1750198768.506674528
1750198768.707444906
1750198768.912575483
1750198769.113322020
1750198769.314938784
1750198769.518450975
1750198769.728041887
1750198769.940483809
1750198770.144565582
1750198770.351608515
1750198770.558403015
1750198770.769542217
1750198770.980555058
1750198771.193156958
1750198771.406090498
1750198771.616353273
1750198771.830576181
1750198772.038474083
1750198772.253206015
1750198772.462702274
1750198772.668319464
1750198772.880791187
1750198773.086687803
1750198773.296762228
1750198773.518733740
1750198773.740865231
1750198773.958584309
1750198774.182125807
1750198774.404731274
1750198774.623289347
1750198774.837816000
1750198775.050538063
1750198775.262375355
1750198775.477667093
1750198775.686697960
1750198775.895204782
1750198776.110371351
1750198776.324778080
1750198776.539029360
1750198776.751177311
1750198776.962978601
1750198777.171008110
1750198777.385347605
1750198777.592366219
1750198777.797601223
1750198778.007541180
1750198778.215188980
1750198778.427554607
1750198778.642159939
1750198778.875360727
1750198779.089314222
1750198779.298537493
1750198779.508820295
1750198779.721377134
1750198779.933818579
1750198780.142146826
1750198780.349892139
1750198780.560405970
1750198780.777821779
1750198780.995179176
1750198781.209268808
1750198781.421247721
1750198781.630728483
1750198781.851025105
1750198782.068861246
1750198782.285189390
1750198782.496123314
1750198782.697594166
1750198782.914746761
1750198783.135697842
1750198783.354774952
1750198783.572886467
1750198783.789624929
1750198784.007685661
1750198784.223870277
1750198784.428671598
1750198784.632214785
1750198784.855889320
1750198785.075361252
1750198785.294173956
1750198785.514441729
1750198785.736353636
1750198785.953291178
1750198786.166658163
1750198786.380169153
1750198786.593551397
1750198786.821198225
1750198787.027356386
1750198787.235728025
1750198787.447898626
1750198787.668952465
1750198787.885694265
1750198788.086870670
1750198788.289656162
1750198788.488960981
1750198788.700603485
1750198788.908601046
1750198789.121086836
1750198789.329131842
1750198789.526556730
1750198789.717803240
1750198789.914637327
1750198790.120685816
1750198790.316124916
1750198790.504708767
1750198790.691557884
1750198790.878061533
1750198791.063672543
1750198791.252901316
1750198791.446456671
1750198791.645012140
1750198791.845522404
1750198792.043669224
1750198792.240798235
1750198792.437047958
1750198792.633396387
1750198792.832780123
1750198793.036226749
1750198793.244430542
1750198793.452921152
1750198793.673877716
1750198793.881218195
1750198794.070001125
1750198794.257723570
1750198794.441067219
1750198794.626430988
1750198794.811860323
1750198794.995873451
1750198795.186989546
1750198795.363825083
1750198795.568514109
1750198795.746389151
1750198795.931607008
1750198796.127395630
1750198796.325491190
1750198796.517482281
1750198796.700417280
1750198796.890420198
1750198797.078669071
1750198797.261073112
1750198797.446565628
1750198797.631026506
1750198797.817984104
1750198798.012699604
1750198798.210053444
1750198798.412352324
1750198798.617409229
1750198798.824462175
1750198799.033975363
1750198799.247199059
1750198799.464138031
1750198799.681645155
1750198799.900157690
1750198800.130394459
1750198800.363701105
1750198800.584533453
1750198800.806022406
1750198801.035257578
1750198801.253412008
1750198801.476968050
1750198801.694231987
1750198801.912568331
1750198802.127622128
1750198802.342094421
1750198802.548380136
1750198802.759376049
1750198802.978683949
1750198803.199907780
1750198803.408929348
1750198803.619994879
1750198803.820004702
1750198804.018527746
1750198804.215105534
1750198804.410441160
1750198804.604878664
1750198804.799804688
1750198804.994878769
1750198805.189406395
1750198805.387022734
1750198805.581794262
1750198805.778415680
1750198805.975086451
1750198806.182428360
1750198806.393583775
1750198806.609746695
1750198806.833784342
1750198807.054650307
1750198807.271008968
1750198807.480315685
1750198807.711354017
1750198807.963198662
1750198808.278749466
1750198808.594766140
1750198808.908133745
1750198809.226725817
1750198809.544313669
1750198809.860042095
1750198810.172874451
1750198810.489985228
1750198810.806160927
1750198811.121737242
1750198811.432603121
1750198811.742091417
1750198812.054790497
1750198812.359846592
1750198812.669526339
1750198812.984993935
1750198813.299806118
1750198813.619714022
1750198813.929919004
