1750194798917424128
1750194799267169792
1750194799616245760
1750194799965341440
1750194800314440960
1750194800665435136
1750194801022772480
1750194801369603072
1750194801715738112
1750194802064814080
1750194802423278592
1750194802782476032
1750194803139545088
1750194803496651008
1750194803855627776
1750194804214780672
1750194804570009856
1750194804924752640
1750194805277731072
1750194805630269696
1750194805981885696
1750194806337508608
1750194806687672064
1750194807039355904
1750194807394746880
1750194807749936640
1750194808100828416
1750194808451736576
1750194808804125184
1750194809153985536
1750194809505707264
1750194809855511296
1750194810204721152
1750194810556166912
1750194810909426944
1750194811259683584
1750194811613374720
1750194811964502784
1750194812315853568
1750194812668114688
1750194813018821376
1750194813368496384
1750194813722114560
1750194814073640960
1750194814424841728
1750194814778060544
1750194815126363392
1750194815478561536
1750194815830194688
1750194816182434816
1750194816540343552
1750194816896914944
1750194817253889792
1750194817606614784
1750194817957122560
1750194818309933568
1750194818666643456
1750194819020263168
1750194819384310528
1750194819747478784
1750194820097371136
1750194820447453184
1750194820791565056
1750194821136609280
1750194821482475264
1750194821828617216
1750194822171626496
1750194822521537024
1750194822868442880
1750194823217975040
1750194823566759680
1750194823914174208
1750194824266066688
1750194824611821056
1750194824956143360
1750194825303615232
1750194825649455872
1750194825997474560
1750194826347595776
1750194826689899008
1750194827043076864
1750194827396244480
1750194827764470528
1750194828122129408
1750194828476755456
1750194828818795776
1750194829165144576
1750194829510018048
1750194829856260608
1750194830224558848
1750194830577648384
1750194830925177600
1750194831278101504
1750194831626688000
1750194831984160000
1750194832350885888
1750194832713430528
1750194833069543680
1750194833416919552
1750194833766872832
1750194834122857984
1750194834480961280
1750194834830510592
1750194835185094656
1750194835540608512
1750194835898042112
1750194836257759488
1750194836619115008
1750194836974344448
1750194837330757376
1750194837684065792
1750194838038151680
1750194838397832192
1750194838749829632
1750194839105509376
1750194839458873088
1750194839811497216
1750194840167117056
1750194840524762112
1750194840878825216
1750194841235635456
1750194841592826368
1750194841942722560
1750194842292103424
1750194842641454336
1750194842994202368
1750194843349822208
1750194843702859776
1750194844057316352
1750194844415398656
1750194844773265152
1750194845130181632
1750194845487914496
1750194845851478784
1750194846212371456
1750194846570146560
1750194846929462016
1750194847291524608
1750194847647406336
1750194847996495104
1750194848352417792
1750194848711197952
1750194849065459968
1750194849414985728
1750194849767468032
1750194850127254528
1750194850482238464
1750194850835717632
1750194851194082816
1750194851555063552
1750194851913160448
1750194852267313152
1750194852622072064
1750194852975169536
1750194853331175936
1750194853685060352
1750194854040654080
1750194854396233216
1750194854749762560
1750194855104599552
1750194855451796224
1750194855800562432
1750194856153129216
1750194856502189568
1750194856855952128
1750194857208322816
1750194857558518528
1750194857911200256
1750194858265707776
1750194858619316992
1750194858970710784
1750194859322711808
1750194859676077824
1750194860025397760
1750194860371357184
1750194860719767040
1750194861071813632
1750194861422101760
1750194861778492928
1750194862131191296
1750194862484849408
1750194862835436800
1750194863185986304
1750194863538173696
1750194863891367936
1750194864242111488
1750194864595144448
1750194864950781952
1750194865300014592
1750194865654678272
1750194866004886016
1750194866357876736
1750194866711332608
1750194867065952768
1750194867422034176
1750194867774279424
1750194868127902976
1750194868484870144
1750194868837785088
1750194869188936192
1750194869550087680
1750194869904939008
1750194870259668224
1750194870615810816
1750194870969265152
1750194871325412608
1750194871683446272
1750194872037827840
1750194872392460032
1750194872747903232
1750194873101143040
1750194873461090304
1750194873820469248
1750194874178428928
1750194874529910016
1750194874883173888
1750194875238502656
1750194875592417792
1750194875945237248
1750194876297908224
1750194876654508800
1750194877006008576
1750194877362008064
1750194877714902272
1750194878068667648
1750194878423328768
1750194878780069632
1750194879147158528
1750194879503369472
1750194879859270400
1750194880215985920
1750194880572306688
1750194880922140928
1750194881274953472
1750194881623409664
1750194881977040384
1750194882333385216
1750194882691800576
1750194883050100224
1750194883402286848
1750194883754423808
1750194884103302656
1750194884450933760
1750194884798793728
1750194885147778560
1750194885494523648
1750194885841086464
1750194886183944704
1750194886528654592
1750194886873662976
1750194887214476288
1750194887559045120
1750194887905190912
1750194888258955008
1750194888611786752
1750194888965377280
1750194889312077568
1750194889659026688
1750194890010069504
1750194890359562240
1750194890708704000
1750194891055485440
1750194891405669888
1750194891753448192
1750194892099492096
1750194892449549824
1750194892799503616
1750194893146835712
1750194893490508032
1750194893843049216
1750194894190672896
1750194894539120384
1750194894885914368
1750194895232792064
1750194895581099008
1750194895928300288
1750194896276492800
1750194896633409024
1750194896988102144
1750194897342625536
1750194897698593536
1750194898044843776
1750194898394212096
1750194898746430976
1750194899091247360
1750194899438668032
1750194899789528576
1750194900138934016
1750194900486342912
1750194900838517760
1750194901188530176
1750194901446285056
1750194901674520832
1750194901893313792
1750194902109852928
1750194902334636288
1750194902556461056
1750194902772474624
1750194902984326656
1750194903197516288
1750194903409418240
1750194903624136704
1750194903844984064
1750194904062481920
1750194904282107648
1750194904495140352
1750194904709275648
1750194904933658880
1750194905164966656
1750194905380744704
1750194905605938432
1750194905830811904
1750194906057906944
1750194906276410368
1750194906495779072
1750194906716396032
1750194906939099648
1750194907162353408
1750194907388327936
1750194907610685440
1750194907835445504
1750194908057449216
1750194908280161280
1750194908501714176
1750194908720942336
1750194908939612416
1750194909160540416
1750194909385727232
1750194909607432704
1750194909827070720
1750194910041210368
1750194910253477376
1750194910461524736
1750194910667352320
1750194910869945600
1750194911076704512
1750194911280460288
1750194911484263936
1750194911694398208
1750194911895880960
1750194912098681856
1750194912298118912
1750194912500120320
1750194912704238080
1750194912904475648
1750194913106176000
1750194913310463488
1750194913518846720
1750194913725646080
1750194913936293120
1750194914143169280
1750194914351576832
1750194914558583552
1750194914764083200
1750194914966438656
1750194915177242880
1750194915384946176
1750194915594967296
1750194915811425792
1750194916023556864
1750194916236784384
1750194916450070784
1750194916664852480
1750194916878564864
1750194917095390464
1750194917310284800
1750194917524164352
1750194917745880832
1750194917964948480
1750194918185001728
1750194918409655552
1750194918635157504
1750194918861126144
1750194919086315776
1750194919308686080
1750194919527422976
1750194919747361792
1750194919970749440
1750194920191738880
1750194920409319680
1750194920622199296
1750194920836975616
1750194921053031168
1750194921268406272
1750194921482437888
1750194921695997184
1750194921916103936
1750194922131262464
1750194922349326848
1750194922565859328
1750194922782624512
1750194923000944640
1750194923215617280
1750194923432393472
1750194923648557824
1750194923871292160
1750194924080415488
1750194924290910720
1750194924500814080
1750194924709470976
1750194924915906048
1750194925123796224
1750194925331470592
1750194925540438784
1750194925752971776
1750194925969317888
1750194926191863552
1750194926407863552
1750194926624364288
1750194926846161920
1750194927066348032
1750194927289645056
1750194927513829632
1750194927734830080
1750194927957085696
1750194928182180608
1750194928403436288
1750194928628613120
1750194928846715904
1750194929057463296
1750194929268285696
1750194929481314816
1750194929695775488
1750194929908291328
1750194930120816640
1750194930334557184
1750194930547755520
1750194930764416512
1750194930982124032
1750194931211127040
1750194931440177408
1750194931664000000
1750194931888679680
1750194932109981184
1750194932331145984
1750194932556912640
1750194932778455808
1750194932993673984
1750194933213210368
1750194933428614400
1750194933642446336
1750194933858577664
1750194934073379072
1750194934289506560
1750194934511147520
1750194934734585600
1750194934954280192
1750194935170132992
1750194935391650560
1750194935611280896
1750194935829117696
1750194936051229952
1750194936276136192
1750194936513530112
1750194936739104512
1750194936961759744
1750194937173166336
1750194937387699712
1750194937600414720
1750194937815903232
1750194938029089280
1750194938240130304
1750194938452063232
1750194938666864384
1750194938890795008
1750194939111706112
1750194939333402880
1750194939547107328
1750194939758234624
1750194939967862016
1750194940181774848
1750194940400478976
1750194940612814080
1750194940829652992
1750194941045964288
1750194941268851200
1750194941483859456
1750194941695928576
1750194941910885376
1750194942123113472
1750194942338414080
1750194942554870272
1750194942771208704
1750194942996359936
1750194943215798528
1750194943438494208
1750194943662937856
1750194943884009216
1750194944104327168
1750194944325649408
1750194944546863616
1750194944770183424
1750194944998460928
1750194945222898176
1750194945441101568
1750194945661388800
1750194945878759168
1750194946100509184
1750194946321052672
1750194946541904640
1750194946759999744
1750194946986036736
1750194947210378752
1750194947429974016
1750194947652912896
1750194947871853824
1750194948087775232
1750194948307285504
1750194948523012352
1750194948742580992
1750194948963443712
1750194949187873792
1750194949416879360
1750194949643959552
1750194949873209088
1750194950098135296
1750194950321599744
1750194950544867328
1750194950774382336
1750194951002457088
1750194951226972672
1750194951450077952
1750194951673125632
1750194951901933312
1750194952129884928
1750194952354808320
1750194952581869824
1750194952827790848
1750194953051975168
1750194953275667712
1750194953500715520
1750194953724775936
1750194953952538112
1750194954181076224
1750194954403357696
1750194954620782848
1750194954841299712
1750194955057142272
1750194955273467136
1750194955489392384
1750194955705970688
1750194955926979840
1750194956142936832
1750194956358998272
1750194956583240960
1750194956806399488
1750194957023175680
1750194957238371072
1750194957453448448
1750194957671140352
1750194957889090816
1750194958104994304
1750194958316626688
1750194958536569600
1750194958768153088
1750194958993600512
1750194959219867136
1750194959446470144
1750194959670218496
1750194959892630528
1750194960115168512
1750194960330355968
1750194960540536320
1750194960757107712
1750194960977076480
1750194961187845888
1750194961402731264
1750194961621517568
1750194961845963264
1750194962066747904
1750194962287644928
1750194962515381248
1750194962746547200
1750194962978059264
1750194963210909440
1750194963445362432
1750194963678285568
1750194963910493184
1750194964143553792
1750194964371635712
1750194964599092992
1750194964825958656
1750194965044463104
1750194965263589120
1750194965483101440
1750194965699907072
1750194965918880000
1750194966136059392
1750194966357974528
1750194966580763904
1750194966807628288
1750194967039957504
1750194967268912640
1750194967497864960
1750194967736250624
1750194967979954432
1750194968219843072
1750194968468781312
1750194968710707712
1750194968948318976
1750194969181823488
1750194969415964928
1750194969647316992
1750194969875045376
1750194970101970432
1750194970336582656
1750194970566835200
1750194970795661312
1750194971017134080
1750194971237910272
1750194971455592448
1750194971677179648
1750194971899090176
1750194972118663424
1750194972343485952
1750194972561197568
1750194972779216896
1750194973003925504
1750194973235054336
1750194973466146560
1750194973694990848
1750194973925897728
1750194974158779392
1750194974390774784
1750194974622621696
1750194974856865536
1750194975083782400
1750194975304284672
1750194975521795584
1750194975737551104
1750194975949588736
1750194976163255808
1750194976377993728
1750194976594375168
1750194976808906240
1750194977024311040
1750194977229964032
1750194977433340672
1750194977634866688
1750194977844561408
1750194978053422848
1750194978268248320
1750194978483999232
1750194978703222016
1750194978923396608
1750194979143459072
1750194979364225792
1750194979587660032
1750194979815396864
1750194980043646720
1750194980266693376
1750194980486125824
1750194980712244992
1750194980932662528
1750194981155826688
1750194981378731776
1750194981607548928
1750194981826429184
1750194982049618176
1750194982278061312
1750194982503548416
1750194982734202112
1750194982954415360
1750194983175302400
1750194983400202496
1750194983626354688
1750194983853221632
1750194984082496512
1750194984308444416
1750194984527500032
1750194984741520896
1750194984958405376
1750194985185715712
1750194985400289280
1750194985616990976
1750194985829661696
1750194986043735040
1750194986260156416
1750194986476927744
1750194986690788864
1750194986906366976
1750194987125385472
1750194987344147200
1750194987559756800
1750194987773601792
1750194987985687040
1750194988193907712
1750194988403042048
1750194988618448896
1750194988832884224
1750194989048414720
1750194989263972096
1750194989483655680
1750194989705924352
1750194989928258816
1750194990147411200
1750194990371572992
1750194990593999872
1750194990816178432
1750194991035350016
1750194991252986880
1750194991469123584
1750194991683861248
1750194991899131904
1750194992110660096
1750194992325704960
1750194992540724224
1750194992753555200
1750194992968746752
1750194993182421504
1750194993397350912
1750194993615426816
1750194993827200512
1750194994030667008
1750194994236403968
1750194994443259648
1750194994645544192
1750194994851180288
1750194995049757696
1750194995251391744
1750194995455491584
1750194995663279104
1750194995871574784
1750194996085732096
1750194996295243520
1750194996505616384
1750194996710803968
1750194996921940480
1750194997126961408
1750194997333394176
1750194997538820864
1750194997743829248
1750194997946892800
1750194998152606208
1750194998361132288
1750194998566752768
1750194998772183808
1750194998978006016
1750194999182616832
1750194999386651648
1750194999586310656
1750194999784644096
1750194999990410240
1750195000195332608
1750195000405806336
1750195000621076480
1750195000842934272
1750195001056091904
1750195001270186496
1750195001483462144
1750195001698651904
1750195001915511808
1750195002128190464
1750195002347986688
1750195002562029568
1750195002780009984
1750195003000009728
1750195003218674944
1750195003434511104
1750195003650454528
1750195003865222656
1750195004070733824
1750195004276148480
1750195004475791360
1750195004674705408
1750195004872130560
1750195005068488192
1750195005261118720
1750195005455396352
1750195005651951360
1750195005846205184
1750195006045152000
1750195006243721728
1750195006440991744
1750195006638954240
1750195006835774720
1750195007032283392
1750195007230153472
1750195007421751552
1750195007621273344
1750195007814359296
1750195008013015552
1750195008205856000
1750195008397755904
1750195008590976512
1750195008780693504
1750195008972224256
1750195009166348544
1750195009362062080
1750195009553722880
1750195009746209280
1750195009945762048
1750195010141457152
1750195010340851456
1750195010539961088
1750195010742960640
1750195010947238144
1750195011153234944
1750195011354738176
1750195011555270912
1750195011757032192
1750195011962633728
1750195012164355072
1750195012366124544
1750195012566984704
1750195012770350080
1750195012974700800
1750195013176863488
1750195013383132672
1750195013586270464
1750195013786592000
1750195013993478400
1750195014193464064
1750195014394919424
1750195014595782656
1750195014798595072
1750195015004609792
1750195015210740480
1750195015423894272
1750195015630855680
1750195015837992448
1750195016046662656
1750195016247256064
1750195016454211328
1750195016665490432
1750195016876527360
1750195017091479808
1750195017329809152
1750195017543749632
1750195017755295744
1750195017971620864
1750195018186857216
1750195018403735808
1750195018619304192
1750195018835495680
1750195019057659904
1750195019278684928
1750195019496007680
1750195019714538240
1750195019931620864
1750195020144925440
1750195020359736064
1750195020575990784
1750195020789305600
1750195020999378944
1750195021210001664
1750195021420992512
1750195021637616128
1750195021850588928
1750195022061580544
1750195022276564224
1750195022492697600
1750195022709384448
1750195022934332928
1750195023145684480
1750195023360902912
1750195023576418560
1750195023791694592
1750195024008740608
1750195024223421440
1750195024448139008
1750195024672585216
1750195024891461120
1750195025107387392
1750195025324199168
1750195025543909632
1750195025759702016
1750195025980696576
1750195026209082880
1750195026431320576
1750195026649745920
1750195026869412608
1750195027094514944
1750195027314582528
1750195027538092800
1750195027764041728
1750195027995243520
1750195028218885632
1750195028451908608
1750195028673429504
1750195028895814144
1750195029121725440
1750195029338289664
1750195029554506496
1750195029769265920
1750195029984952832
1750195030195593728
1750195030402383616
1750195030608688896
1750195030812259584
1750195031018875392
1750195031216683776
1750195031421201664
1750195031629704704
1750195031845638400
1750195032057579776
1750195032271267328
1750195032483541760
1750195032698341120
1750195032912618496
1750195033120356864
1750195033334423040
1750195033548295424
1750195033760908800
1750195033972007168
1750195034181541376
1750195034387911936
1750195034597385472
1750195034811507968
1750195035022721280
1750195035235060736
1750195035444934912
1750195035654216960
1750195035862576640
1750195036065534208
1750195036271223040
1750195036476175360
1750195036680070912
1750195036884345600
1750195037086958080
1750195037291925248
1750195037493448960
1750195037697419520
1750195037904590592
1750195038110436096
1750195038312938240
1750195038518746880
1750195038724709120
1750195038931163904
1750195039141190912
1750195039351334656
1750195039560666624
1750195039766906624
1750195039976163584
1750195040191462400
1750195040395126784
1750195040595926784
1750195040797495808
1750195041003123968
1750195041202744576
1750195041405497856
1750195041608076288
1750195041810371072
1750195042016610048
1750195042221523968
1750195042424421120
1750195042629545728
1750195042837497344
1750195043053444608
1750195043259813120
1750195043465948928
1750195043676546560
1750195043888495872
1750195044099680768
1750195044315504128
1750195044527188736
1750195044747607808
1750195044962421760
1750195045181839616
1750195045399450880
1750195045619857664
1750195045835804928
1750195046054342144
1750195046270927616
1750195046488104960
1750195046706048768
1750195046923396608
1750195047142857728
1750195047362187776
1750195047582758656
1750195047810685440
1750195048036464384
1750195048258857728
1750195048471141376
1750195048693182464
1750195048915498496
1750195049138365440
1750195049355616512
1750195049573907456
1750195049791964672
1750195050010977024
1750195050227830784
1750195050446649088
1750195050671851776
1750195050898978048
1750195051127265024
1750195051358624768
1750195051583324416
1750195051806819584
1750195052039773184
1750195052273739776
1750195052506763520
1750195052734235392
1750195052965026816
1750195053185553664
1750195053396041216
1750195053613860864
1750195053830780672
1750195054052969472
1750195054264919296
1750195054483856384
1750195054705124608
1750195054921692672
1750195055145250048
1750195055360104192
1750195055575258112
1750195055789141248
1750195056008557056
1750195056227793152
1750195056445722112
1750195056665406464
1750195056892310784
1750195057108772608
1750195057328000000
1750195057539154432
1750195057751639296
1750195057963869184
1750195058174082560
1750195058386751488
1750195058603331840
1750195058821317120
1750195059029105408
1750195059248066816
1750195059474766592
1750195059704336640
1750195059926168576
1750195060145935872
1750195060375551488
1750195060608816896
1750195060846324992
1750195061080329216
1750195061299296768
1750195061517051904
1750195061730830592
1750195061939143168
1750195062157020160
1750195062369863680
1750195062582981632
1750195062801161472
1750195063021401856
1750195063241834240
1750195063462329600
1750195063689201664
1750195063905949440
1750195064126740224
1750195064357655808
1750195064583381760
1750195064806144768
1750195065027358976
1750195065259531264
1750195065495903488
1750195065732983552
1750195065964726528
1750195066203515136
1750195066436634112
1750195066673769216
1750195066910985472
1750195067146960640
1750195067379443456
1750195067614679552
1750195067846586880
1750195068075696128
1750195068305288448
1750195068532518144
1750195068760842496
1750195068982203136
1750195069205460736
1750195069430108928
1750195069647461888
1750195069862170880
1750195070076403456
1750195070286168064
1750195070491539968
1750195070701778176
1750195070905967872
1750195071106546944
1750195071304991232
1750195071506785536
1750195071699017728
1750195071897383424
1750195072111542272
1750195072327463936
1750195072542690560
1750195072756430848
1750195072973348608
1750195073194928384
1750195073414990080
1750195073627654912
1750195073844107008
1750195074070548736
1750195074285529856
1750195074491840256
1750195074696801024
1750195074901728512
1750195075107482368
1750195075313728512
1750195075519357696
1750195075727063040
1750195075937898240
1750195076150902784
1750195076364360192
1750195076582063104
1750195076807794432
1750195077027216384
1750195077248113152
1750195077473446400
1750195077695405056
1750195077916018944
1750195078133843456
1750195078350923776
1750195078565447936
1750195078781032448
1750195078993148160
1750195079215960832
1750195079437833472
1750195079653741824
1750195079864465664
1750195080074743808
1750195080287795968
1750195080505974528
1750195080724083200
1750195080940159232
1750195081158492928
1750195081380496128
1750195081603104000
1750195081845997056
1750195082068270848
1750195082316058368
1750195082534927616
1750195082751481856
1750195082967052800
1750195083183127552
1750195083397241344
1750195083612089088
1750195083826371072
1750195084044630016
1750195084261378560
1750195084476492288
1750195084690717440
1750195084901514496
1750195085112263680
1750195085323063296
1750195085539460096
1750195085755600128
1750195085968950016
1750195086196555776
1750195086419666944
1750195086647429120
1750195086867012352
1750195087087364352
1750195087318259968
1750195087545651200
1750195087771016960
1750195087995016192
1750195088219328512
1750195088447202560
1750195088666739712
1750195088895187456
1750195089135101184
1750195089357593088
1750195089579871744
1750195089801142016
1750195090022753536
1750195090244690176
1750195090468728832
1750195090691210752
1750195090917376768
1750195091135980032
1750195091363188480
1750195091595909888
1750195091819711488
1750195092036639232
1750195092265399296
1750195092486529280
1750195092704306944
1750195092920197120
1750195093133821696
1750195093336174336
1750195093535955712
1750195093734543360
1750195093935609344
1750195094136466688
1750195094333290496
1750195094534863104
1750195094740547328
1750195094947344896
1750195095157801984
1750195095364156672
1750195095576545536
1750195095787491072
1750195095997599232
1750195096208361216
1750195096416196608
1750195096626838016
1750195096835169024
1750195097042698240
1750195097258969344
1750195097488452864
1750195097720964864
1750195097954562816
1750195098187499008
1750195098415667712
1750195098638038016
1750195098859613184
1750195099080725760
1750195099303519488
1750195099528236544
1750195099756224000
1750195099985346560
1750195100207549440
1750195100429611520
1750195100653313536
1750195100874560000
1750195101097418240
1750195101317238528
1750195101538579456
1750195101760404736
1750195101985701376
1750195102213932800
1750195102435982080
1750195102657400320
1750195102882491392
1750195103108178176
1750195103334595328
1750195103561952256
1750195103785687552
1750195104008825344
1750195104230976768
1750195104454885888
1750195104674462720
1750195104895417344
1750195105112428800
1750195105326729472
1750195105543407616
1750195105764395776
1750195105984347392
1750195106204633856
1750195106429488384
1750195106653739264
1750195106878031872
1750195107104003584
1750195107324099584
1750195107546139648
1750195107770794496
1750195107999690496
1750195108226012672
1750195108454543872
1750195108679144448
1750195108906575104
1750195109130006784
1750195109364495360
1750195109585585664
1750195109802770688
1750195110033660160
1750195110261246208
1750195110483152128
1750195110702984192
1750195110928259840
1750195111153525504
1750195111367971328
1750195111581724416
1750195111794050048
1750195112007424768
1750195112230513920
1750195112450028800
1750195112669037312
1750195112884503040
1750195113098332416
1750195113312707328
1750195113542511616
1750195113770067200
1750195113997182208
1750195114233151488
1750195114459537920
1750195114684708352
1750195114908870144
1750195115130323200
1750195115347718656
1750195115567568896
1750195115789145088
1750195116013278976
1750195116233555712
1750195116450230784
1750195116674457600
1750195116902758656
1750195117135478784
1750195117356998912
1750195117583490304
1750195117813975040
1750195118043311872
1750195118276640768
1750195118500429568
1750195118727662848
1750195118949435392
1750195119170669056
1750195119395667200
1750195119615379968
1750195119824658944
1750195120026701056
1750195120237733120
1750195120444017152
1750195120657880576
1750195120883491840
1750195121116587264
1750195121368804864
1750195121634058240
1750195121864712192
1750195122070756864
1750195122314771968
1750195122536363776
1750195122748730368
1750195122956438784
1750195123164797440
1750195123389634304
1750195123624079104
1750195123862972672
1750195124090750976
1750195124301771008
1750195124510339072
1750195124718284032
1750195124921698560
1750195125122770432
1750195125323764480
1750195125523114752
1750195125732947456
1750195125945083648
1750195126153575424
1750195126359835904
1750195126566118400
1750195126771276032
1750195126976368384
1750195127180731904
1750195127384566784
1750195127590850816
1750195127799937536
1750195128012149248
1750195128220331776
1750195128423210752
1750195128619421440
1750195128820202752
1750195129022241280
1750195129228638976
1750195129435327232
1750195129645560064
1750195129864989952
1750195130088061184
1750195130310083072
1750195130521847040
1750195130729224192
1750195130931823360
1750195131139994112
1750195131351290112
1750195131559331840
1750195131767460608
1750195131970420224
1750195132178162944
1750195132401438976
1750195132630047232
1750195132865698304
1750195133085598720
1750195133288055552
1750195133500081920
1750195133702232064
1750195133903294208
1750195134111980544
1750195134324197376
1750195134538072320
1750195134754596096
1750195134975428608
1750195135195161856
1750195135415687168
1750195135633864192
1750195135855082752
1750195136077810176
1750195136302585856
1750195136524063488
1750195136760264448
1750195136987876352
1750195137235547648
1750195137484821760
1750195137737084160
1750195137962006016
1750195138183092736
1750195138409398784
1750195138632521728
1750195138856105984
1750195139081619200
1750195139302544896
1750195139524930816
1750195139758833920
1750195139977345536
1750195140196174080
1750195140418379008
1750195140638470400
1750195140860513024
1750195141074021632
1750195141295980288
1750195141506215936
1750195141723124992
1750195141951269120
1750195142183725056
1750195142415461120
1750195142647199488
1750195142868384512
1750195143099110912
1750195143329811712
1750195143556992000
1750195143784237568
1750195144011282176
1750195144241728000
1750195144467275520
1750195144699987712
1750195144938034944
1750195145169738752
1750195145400215296
1750195145630444288
1750195145855801856
1750195146084975104
1750195146316326912
1750195146551512576
1750195146783319296
1750195147012335616
1750195147246132480
1750195147488281088
1750195147724689664
1750195147961863680
1750195148200259072
1750195148483156992
1750195148736552960
1750195148961088768
1750195149184242176
1750195149398713088
1750195149614455808
1750195149845977088
1750195150064883968
1750195150282571776
1750195150498185984
1750195150715517952
1750195150936682496
1750195151169834496
1750195151392280064
1750195151619874816
1750195151862813952
1750195152085494528
1750195152330726912
1750195152563223808
1750195152777619968
1750195153003344896
1750195153223604480
1750195153432859648
1750195153633458688
1750195153841328640
1750195154047639808
1750195154254431232
1750195154456068352
1750195154663087616
1750195154868340992
1750195155066830336
1750195155270795008
1750195155470475776
1750195155672111104
1750195155871377152
1750195156070587136
1750195156267383552
1750195156476293632
1750195156685766144
1750195156907515648
1750195157140804096
1750195157379662336
1750195157626825216
1750195157868649472
1750195158110090496
1750195158344751360
1750195158581779200
1750195158799288832
1750195159020630016
1750195159254131200
1750195159487731200
1750195159715626240
1750195159970627840
1750195160227305472
1750195160461416448
1750195160684130304
1750195160927335424
1750195161140878336
1750195161356416768
1750195161583608576
1750195161800420608
1750195162020414720
1750195162242579712
1750195162450271744
1750195162658565632
1750195162868249088
1750195163075558144
1750195163273012992
1750195163471235072
1750195163668604928
1750195163875553280
1750195164092557056
1750195164311603968
1750195164530175488
1750195164754733824
1750195164989217024
1750195165217191424
1750195165448286464
1750195165702836480
1750195165959374080
1750195166215751424
1750195166475548416
1750195166726487040
1750195166980407552
1750195167208341504
1750195167443410944
1750195167681198080
1750195167900132096
1750195168133195776
1750195168375022080
1750195168587809280
1750195168825923584
1750195169065347072
1750195169300301312
1750195169517232640
1750195169754363136
1750195169985786624
1750195170211476224
1750195170425918208
1750195170642305536
1750195170854523904
1750195171061078272
1750195171270462976
1750195171478187520
1750195171684333568
1750195171893821952
1750195172101023488
1750195172309907456
1750195172535863040
1750195172756144128
1750195172959983872
1750195173163314432
1750195173369541120
1750195173575050240
1750195173784596736
1750195173992796416
1750195174213039360
1750195174427306752
1750195174642761728
1750195174855313408
1750195175069345024
1750195175305462784
1750195175547896320
1750195175789186304
1750195176029340160
1750195176268540160
1750195176507244288
1750195176734035968
1750195176945522432
1750195177175268864
1750195177386497280
1750195177600680960
1750195177840784384
1750195178082841600
1750195178325424896
1750195178566221568
1750195178781540352
1750195179001303808
1750195179215764736
1750195179434086144
1750195179650648320
1750195179889907456
1750195180129871616
1750195180372856064
1750195180595234048
1750195180813231616
1750195181029547776
1750195181237732096
1750195181456217856
1750195181675790336
1750195181893075968
1750195182109438720
1750195182328474880
1750195182545738496
1750195182775021824
1750195183001573120
1750195183217890816
1750195183427333376
1750195183638828544
1750195183861059328
1750195184084398080
1750195184306499584
1750195184528355584
1750195184749660416
1750195184969938432
1750195185191462144
1750195185408798720
1750195185632422144
1750195185857705472
1750195186077742848
1750195186292205056
1750195186507838976
1750195186725948672
1750195186944413696
1750195187171161600
1750195187399765760
1750195187625739520
1750195187851347200
1750195188076075520
1750195188297509376
1750195188516176640
1750195188738643968
1750195188958243328
1750195189176594944
1750195189382493440
1750195189593004544
1750195189801173504
1750195190017521408
1750195190235238656
1750195190450514432
1750195190664080128
1750195190872057344
1750195191084235520
1750195191292324608
1750195191501437952
1750195191706661376
1750195191906931200
1750195192103629824
1750195192302663424
1750195192500865536
1750195192701180672
1750195192912363008
1750195193127919616
1750195193339789312
1750195193554166016
1750195193768102144
1750195193980029440
1750195194194833408
1750195194411008256
1750195194615229952
1750195194832298752
1750195195052489728
1750195195269392384
1750195195486551040
1750195195704053248
1750195195918979328
1750195196134496512
1750195196350612992
1750195196558464000
1750195196764463872
1750195196971162368
1750195197182513664
1750195197393377792
1750195197603656960
1750195197813692672
1750195198025474304
1750195198236311552
1750195198447490560
1750195198664449280
1750195198878201344
1750195199091300864
1750195199309375232
1750195199531020544
1750195199749332480
1750195199962068480
1750195200177100800
1750195200401302272
1750195200624012544
1750195200842705664
1750195201059047168
1750195201274013952
1750195201489639936
1750195201706856704
1750195201933798912
1750195202163881984
1750195202397212672
1750195202632582400
1750195202870904064
1750195203102007296
1750195203324779776
1750195203552822528
1750195203783262208
1750195204015923968
1750195204248339712
1750195204474891008
1750195204698335744
1750195204923199744
1750195205146920960
1750195205369476352
1750195205591110144
1750195205818285312
1750195206041437184
1750195206263494400
1750195206486442496
1750195206707879680
1750195206930183680
1750195207155406592
1750195207379820544
1750195207607162624
1750195207826434048
1750195208050594304
1750195208265856256
1750195208494267904
1750195208716124672
1750195208928115968
1750195209145210368
1750195209354438656
1750195209556878592
1750195209759714816
1750195209968992256
1750195210176113408
1750195210385760256
1750195210587683840
1750195210795820288
1750195211001914880
1750195211205410816
1750195211411726336
1750195211619852800
1750195211830584064
1750195212052069376
1750195212273182976
1750195212492904960
1750195212715040256
1750195212934153728
1750195213154598144
1750195213372050432
1750195213584859648
1750195213797810688
1750195214010341120
1750195214222280192
1750195214479424768
1750195214685130752
1750195214894375168
1750195215098430208
1750195215302266368
1750195215511772672
1750195215725564416
1750195215936360960
1750195216151886080
1750195216368223488
1750195216587640064
1750195216808676352
1750195217028881408
1750195217247793408
1750195217466683392
1750195217683276544
1750195217895318784
1750195218111146496
1750195218324262656
1750195218552383488
1750195218784126208
1750195219014491648
1750195219252577536
1750195219480462336
1750195219704980992
1750195219929128960
1750195220153488384
1750195220378722048
1750195220603087360
1750195220826168320
1750195221046513152
1750195221265590016
1750195221487569920
1750195221707911424
1750195221931200768
1750195222157539072
1750195222379660544
1750195222600191488
1750195222823060992
1750195223043782912
1750195223264526080
1750195223483750656
1750195223705261824
1750195223928781824
1750195224147777280
1750195224359043840
1750195224576701440
1750195224802189824
1750195225028072192
1750195225255548928
1750195225482556672
1750195225706229504
1750195225930693120
1750195226155118336
1750195226375395072
1750195226597087488
1750195226820967680
1750195227042477824
1750195227262412544
1750195227484806144
1750195227704101120
1750195227926319872
1750195228142040576
1750195228358746624
1750195228575084544
1750195228790394112
1750195229007590144
1750195229223399936
1750195229439454208
1750195229654249472
1750195229871162112
1750195230086917888
1750195230303488512
1750195230522085888
1750195230742972672
1750195230960226560
1750195231183482624
1750195231406739712
1750195231632976640
1750195231862704128
1750195232084120320
1750195232304727808
1750195232526557696
1750195232743825920
1750195232962251520
1750195233181266176
1750195233404065792
1750195233626522368
1750195233843680768
1750195234061133568
1750195234277851904
1750195234498366208
1750195234714493184
1750195234931563776
1750195235151826688
1750195235372570880
1750195235600751360
1750195235819919104
1750195236046450176
1750195236268533504
1750195236487136512
1750195236705240576
1750195236917777920
1750195237134557952
1750195237352379392
1750195237569509888
1750195237793262336
1750195238016935168
1750195238241110528
1750195238461510912
1750195238670899200
1750195238882095872
1750195239092663040
1750195239309548032
1750195239520898560
1750195239736441344
1750195239946669312
1750195240159589376
1750195240367119360
1750195240586890752
1750195240807769856
1750195241029234944
1750195241248563200
1750195241472513792
1750195241686618880
1750195241887617536
1750195242083639808
1750195242280569856
1750195242477738752
1750195242695876864
1750195242928159488
1750195243151949568
1750195243379686656
1750195243588201984
1750195243793389824
1750195243989915648
1750195244187405056
1750195244391251712
1750195244599946752
1750195244822656256
1750195245052985856
1750195245287597312
1750195245529265408
1750195245763436032
1750195245988439808
1750195246221385216
1750195246450749952
1750195246671675648
1750195246894935552
1750195247117376000
1750195247342198784
1750195247562960896
1750195247786483712
1750195248029742080
1750195248261268992
1750195248487808256
1750195248718350080
1750195248945111040
1750195249173395712
1750195249395402752
1750195249617572608
1750195249843264768
1750195250062939136
1750195250290563584
1750195250520045824
1750195250753212416
1750195250982204160
1750195251213271808
1750195251439661312
1750195251670992896
1750195251903657728
1750195252131129344
1750195252355709952
1750195252579960064
1750195252808585984
1750195253049575424
1750195253288570368
1750195253523488512
1750195253746821888
1750195253966384384
1750195254189279744
1750195254415997184
1750195254638288640
1750195254859906304
1750195255083955712
1750195255300478720
1750195255522604032
1750195255750694912
1750195255976008704
1750195256204237312
1750195256429128960
1750195256646211328
1750195256866241024
1750195257082934528
1750195257302533376
1750195257528666624
1750195257757836544
1750195257987658496
1750195258215808256
1750195258446647040
1750195258675310848
1750195258904781568
1750195259132427776
1750195259360403968
1750195259590076416
1750195259817416448
1750195260045987584
1750195260271974656
1750195260496832256
1750195260719163904
1750195260942517248
1750195261164666880
1750195261389028352
1750195261619436032
1750195261859526144
1750195262097406464
1750195262326610944
1750195262555983616
1750195262787442944
1750195263023414272
1750195263254548992
1750195263488095232
1750195263720316672
1750195263966185472
1750195264194532096
1750195264421957376
1750195264649136896
1750195264876606976
1750195265104016640
1750195265335956992
1750195265560299520
1750195265788573696
1750195266016562944
1750195266237297920
1750195266455805952
1750195266682584576
1750195266919107840
1750195267161226752
1750195267392011520
1750195267620422400
1750195267847101952
1750195268076122112
1750195268300226304
1750195268524674560
1750195268753365760
1750195268976150272
1750195269191952128
1750195269407204352
1750195269620113408
1750195269835068416
1750195270050387456
1750195270264238336
1750195270476420096
1750195270691767296
1750195270902670592
1750195271115142400
1750195271329635840
1750195271551149056
1750195271783510272
1750195272032782336
1750195272284714496
1750195272538100480
1750195272791454976
1750195273047598848
1750195273299553280
1750195273551139072
