1749296433142452736
1749296433476336384
1749296433809967872
1749296434139975424
1749296434470354176
1749296434811986944
1749296435142598144
1749296435472565248
1749296435802528256
1749296436131256832
1749296436457306368
1749296436783213312
1749296437108286976
1749296437434487040
1749296437757470464
1749296438049912064
1749296438285198080
1749296438497616384
1749296438707982336
1749296438920042752
1749296439130323712
1749296439339185920
1749296439546612736
1749296439750298112
1749296439954630656
1749296440157713920
1749296440352085504
1749296440548224000
1749296440747221504
1749296440952107520
1749296441157732096
1749296441367703040
1749296441578574848
1749296441788481024
1749296442000966144
1749296442212123136
1749296442424489984
1749296442637364480
1749296442851937024
1749296443069465344
1749296443285737216
1749296443501535744
1749296443717370112
1749296443933656832
1749296444151791616
1749296444369081088
1749296444585649664
1749296444799271680
1749296445014354176
1749296445233446656
1749296445450051072
1749296445666342400
1749296445886569472
1749296446102577664
1749296446315388672
1749296446530136064
1749296446749974528
1749296446967686912
1749296447180297216
1749296447399197184
1749296447611766528
1749296447829569792
1749296448041843968
1749296448256782592
1749296448469641216
1749296448684634112
1749296448900448768
1749296449110102016
1749296449315405568
1749296449522401280
1749296449730365952
1749296449941436160
1749296450152360704
1749296450362420480
1749296450571890176
1749296450785330432
1749296450997084928
1749296451217079808
1749296451436805376
1749296451660359936
1749296451885899520
1749296452109505792
1749296452329015552
1749296452558689280
1749296452783915264
1749296453005688832
1749296453219396608
1749296453437394432
1749296453656127488
1749296453875821824
1749296454086137600
1749296454297625344
1749296454507222784
1749296454716020736
1749296454930562048
1749296455139711488
1749296455354811392
1749296455574534912
1749296455793364224
1749296456012789504
1749296456233080064
1749296456450726912
1749296456671194880
1749296456891578112
1749296457118451712
1749296457338359296
1749296457562564096
1749296457783512832
1749296458006427392
1749296458219207680
1749296458439355648
1749296458657372672
1749296458874212864
1749296459093182976
1749296459313830656
1749296459531780864
1749296459747018496
1749296459962134784
1749296460191901440
1749296460418049024
1749296460655937536
1749296460924509440
1749296461209152768
1749296461560218112
1749296461910306816
1749296462260987392
1749296462607279872
1749296462957084416
1749296463305889024
1749296463655643904
1749296464002870272
1749296464313961728
1749296464551067648
1749296464769620224
1749296464982679808
1749296465193695488
1749296465416464128
1749296465684318464
1749296466022388480
1749296466357996800
1749296466686443264
1749296466994383616
1749296467237053952
1749296467459457536
1749296467671733760
1749296467883515136
1749296468095335680
1749296468307473408
1749296468513918976
1749296468718938880
1749296468927843328
1749296469137639936
1749296469348695552
1749296469559931392
1749296469770263296
1749296469986534656
1749296470200602624
1749296470416458752
1749296470630990336
1749296470852384000
1749296471076968704
1749296471296176640
1749296471515984128
1749296471731340032
1749296471951109120
1749296472169023232
1749296472386010624
1749296472600264192
1749296472818401536
1749296473034100480
1749296473247810304
1749296473461526784
1749296473674297600
1749296473879317504
1749296474083879168
1749296474291217664
1749296474505831168
1749296474717562112
1749296474926529280
1749296475143585280
1749296475358523392
1749296475577830912
1749296475791508736
1749296476010030592
1749296476226672384
1749296476446588928
1749296476662432768
1749296476879326464
1749296477091758592
1749296477308685056
1749296477525206272
1749296477740702720
1749296477960817152
1749296478177780736
1749296478393014528
1749296478611571200
1749296478830707200
1749296479047833088
1749296479264157952
1749296479483495168
1749296479701862656
1749296479919933952
1749296480136041472
1749296480349232384
1749296480563329024
1749296480777115136
1749296480998095104
1749296481214914304
1749296481432038400
1749296481648654592
1749296481868459008
1749296482088049920
1749296482303572480
1749296482520813056
1749296482740217600
1749296482957875968
1749296483174867968
1749296483386281728
1749296483600470528
1749296483814318080
1749296484025935872
1749296484237273600
1749296484450137344
1749296484662088704
1749296484870513664
1749296485085241088
1749296485298076672
1749296485516294912
1749296485740814336
1749296485962807552
1749296486191969792
1749296486416369152
1749296486638581760
1749296486861945088
1749296487081517312
1749296487306520064
1749296487523179264
1749296487739636992
1749296487959183360
1749296488176967168
1749296488396786944
1749296488613810688
1749296488843317760
1749296489069464832
1749296489294122496
1749296489522552064
1749296489746548224
1749296489964557824
1749296490181806080
1749296490404263936
1749296490629478144
1749296490849272320
1749296491072747008
1749296491290064384
1749296491513489664
1749296491731729152
1749296491953877248
1749296492171530752
1749296492388952576
1749296492607236096
1749296492835642624
1749296493058741504
1749296493280113408
1749296493501783808
1749296493727762432
1749296493962959872
1749296494196394752
1749296494428532224
1749296494657111040
1749296494886317824
1749296495114713344
1749296495341869312
1749296495571454208
1749296495798245632
1749296496020833024
1749296496248319744
1749296496465316096
1749296496684052224
1749296496900125696
1749296497118979072
1749296497337916672
1749296497551671040
1749296497771669504
1749296497992569856
1749296498205716224
1749296498424347648
1749296498641906688
1749296498863526656
1749296499088091904
1749296499319173632
1749296499545289984
1749296499777389568
1749296500008886784
1749296500242765568
1749296500468681216
1749296500697121536
1749296500917599488
1749296501136811008
1749296501354106368
1749296501571804672
1749296501787508480
1749296502005034752
1749296502222402048
1749296502444363776
1749296502662971392
1749296502875262208
1749296503088526336
1749296503298100992
1749296503509027840
1749296503731938816
1749296503947528448
1749296504162734336
1749296504376156416
1749296504592320000
1749296504815162368
1749296505040970752
1749296505270398464
1749296505499046144
1749296505725301760
1749296505954208000
1749296506182028032
1749296506406974464
1749296506634567936
1749296506862747392
1749296507081627392
1749296507294599424
1749296507508128000
1749296507710300416
1749296507915065856
1749296508120983808
1749296508327822080
1749296508537083648
1749296508734104576
1749296508933363200
1749296509133507328
1749296509333111296
1749296509531008768
1749296509725113344
1749296509924828672
1749296510133835008
1749296510338074112
1749296510544086016
1749296510747523584
1749296510953716736
1749296511153799936
1749296511359435776
1749296511564136448
1749296511758095872
1749296511961897472
1749296512168670208
1749296512373545728
1749296512575889152
1749296512778763776
1749296512977806080
1749296513177305600
1749296513383224064
1749296513585110528
1749296513788253184
1749296513992494592
1749296514202976000
1749296514406243840
1749296514613020416
1749296514818428928
1749296515029553920
1749296515240605440
1749296515456232448
1749296515680559360
1749296515901871872
1749296516122192896
1749296516350786048
1749296516574007040
1749296516794786304
1749296517004355072
1749296517211048960
1749296517421428480
1749296517627429632
1749296517833164800
1749296518041356288
1749296518250279936
1749296518460924928
1749296518664857856
1749296518865366016
1749296519072746240
1749296519297030144
1749296519506230016
1749296519716707840
1749296519925552640
1749296520141796864
1749296520355953664
1749296520572162560
1749296520789223936
1749296520999643136
1749296521209644032
1749296521418365184
1749296521625156864
1749296521831244800
1749296522038396672
1749296522254829312
1749296522473795584
1749296522687016960
1749296522896401920
1749296523111446528
1749296523324617472
1749296523540383488
1749296523761824256
1749296523981635072
1749296524202092288
1749296524426473472
1749296524647599872
1749296524862875136
1749296525075553024
1749296525289131520
1749296525503153920
1749296525719398656
1749296525926094336
1749296526134958848
1749296526351149312
1749296526562919424
1749296526781334528
1749296526998361344
1749296527216167424
1749296527435785216
1749296527655317248
1749296527876112896
1749296528089869568
1749296528306686976
1749296528522307584
1749296528739865856
1749296528959359232
1749296529177848832
1749296529394497024
1749296529611022336
1749296529828483584
1749296530041519360
1749296530253499648
1749296530463208448
1749296530669670656
1749296530872498944
1749296531079092992
1749296531282978304
1749296531490939136
1749296531695917056
1749296531904095488
1749296532110892544
1749296532316449024
1749296532526449664
1749296532730569728
1749296532933439488
1749296533140388864
1749296533344093184
1749296533549406720
1749296533753153536
1749296533959233024
1749296534167540480
1749296534370417152
1749296534576554752
1749296534782310144
1749296534987477504
1749296535194526208
1749296535401703936
1749296535610141440
1749296535819496704
1749296536026947840
1749296536235192576
1749296536442378496
1749296536652976640
1749296536865414144
1749296537075957760
1749296537294330880
1749296537511064064
1749296537727330816
1749296537946964736
1749296538162820352
1749296538379808768
1749296538595034880
1749296538811255296
1749296539024707584
1749296539235538432
1749296539442163712
1749296539646545920
1749296539848841472
1749296540052379392
1749296540252511232
1749296540450642176
1749296540648820224
1749296540850090752
1749296541049913344
1749296541251476480
1749296541453663744
1749296541655074816
1749296541859145728
1749296542059626752
1749296542261929984
1749296542462763008
1749296542661205248
1749296542857759744
1749296543062159360
1749296543258025216
1749296543453303552
1749296543649557504
1749296543846440960
1749296544046987264
1749296544244147456
1749296544440575232
1749296544633353984
1749296544823555328
1749296545017995776
1749296545208739328
1749296545396516608
1749296545587241216
1749296545778099456
1749296545968002816
1749296546158091520
1749296546343509504
1749296546533405696
1749296546724130816
1749296546918016512
1749296547110974976
1749296547310169600
1749296547514757120
1749296547715209984
1749296547917978880
1749296548123527680
1749296548325050368
1749296548525195776
1749296548733116672
1749296548938507264
1749296549149668864
1749296549355437312
1749296549561034240
1749296549769712384
1749296549976461568
1749296550177241600
1749296550373390080
1749296550574881280
1749296550780323072
1749296550985491712
1749296551193083392
1749296551400257536
1749296551609815552
1749296551819750912
1749296552033316608
1749296552239042304
1749296552447337472
1749296552655666176
1749296552865545728
1749296553073710080
1749296553278924288
1749296553483250432
1749296553687452672
1749296553894983168
1749296554101625344
1749296554304908800
1749296554509190656
1749296554718696960
1749296554927427328
1749296555139409664
1749296555352289792
1749296555568476672
1749296555785552640
1749296555999731712
1749296556215727616
1749296556428840448
1749296556642620672
1749296556852909824
1749296557066248704
1749296557279122176
1749296557488106240
1749296557693758208
1749296557895843584
1749296558097819392
1749296558303760896
1749296558517666304
1749296558732732416
1749296558949265664
1749296559166274304
1749296559383942400
1749296559603181056
1749296559822634240
1749296560043093760
1749296560259066112
1749296560479747328
1749296560701999616
1749296560917252864
1749296561133059072
1749296561351159808
1749296561577729024
1749296561800619776
1749296562026335488
1749296562242272000
1749296562461102848
1749296562676901376
1749296562898775296
1749296563117436672
1749296563338013440
1749296563554333440
1749296563774392064
1749296563990685184
1749296564205881088
1749296564416919040
1749296564628261888
1749296564841922304
1749296565058917376
1749296565276853504
1749296565497951232
1749296565718768640
1749296565936462336
1749296566169950976
1749296566391506176
1749296566610511104
1749296566831950592
1749296567050188288
1749296567265177600
1749296567487552256
1749296567705075456
1749296567921843712
1749296568144216832
1749296568375078400
1749296568595887616
1749296568815631360
1749296569035029248
1749296569252655616
1749296569473516032
1749296569694643968
1749296569915172352
1749296570132626944
1749296570352068608
1749296570564844288
1749296570779168512
1749296570989426176
1749296571202458368
1749296571413255168
1749296571620732416
1749296571833438464
1749296572042348800
1749296572251578368
1749296572454327552
1749296572654452992
1749296572857160960
1749296573062732800
1749296573269390080
1749296573474470400
1749296573678297088
1749296573879123968
1749296574080240128
1749296574279281152
1749296574478434816
1749296574674954240
1749296574867571712
1749296575060402944
1749296575257324288
1749296575454016000
1749296575658484480
1749296575862027776
1749296576062408448
1749296576264924928
1749296576467898624
1749296576668521216
1749296576866563072
1749296577066753536
1749296577269572096
1749296577469312512
1749296577669331456
1749296577868950272
1749296578069644544
1749296578267973120
1749296578468528128
1749296578669895168
1749296578867962880
1749296579068662528
1749296579272853760
1749296579473332992
1749296579675455488
1749296579875066368
1749296580081506560
1749296580287907072
1749296580491636480
1749296580697534976
1749296580898283776
1749296581099550464
1749296581301341696
1749296581496900352
1749296581693628672
1749296581907265280
1749296582098856704
1749296582288500992
1749296582475170560
1749296582661677056
1749296582852414720
1749296583035249920
1749296583223606528
1749296583411572736
1749296583601011712
1749296583797594624
1749296583999758336
1749296584201914624
1749296584408272384
1749296584619647232
1749296584833800704
1749296585051504128
1749296585266262016
1749296585481489920
1749296585698545920
1749296585910713344
1749296586126187776
1749296586342557696
1749296586554244608
1749296586765586944
1749296586982788096
1749296587188641536
1749296587394451456
1749296587595840768
1749296587797025792
1749296587998296576
1749296588198208768
1749296588395545088
1749296588596816896
1749296588798669568
1749296588997660160
1749296589208457984
1749296589418231808
1749296589627095040
1749296589840275200
1749296590057900288
1749296590275869696
1749296590490702336
1749296590705535488
1749296590921767424
1749296591140075264
1749296591357367040
1749296591572286208
1749296591780046336
1749296591988144640
1749296592193817088
1749296592399560448
1749296592603073024
1749296592811292160
1749296593021681664
1749296593238921984
1749296593460672256
1749296593673842176
1749296593888884224
1749296594104773632
1749296594319723264
1749296594533951232
1749296594750564096
1749296594970332928
1749296595184370176
1749296595397317632
1749296595608134912
1749296595821307392
1749296596029013504
1749296596242121728
1749296596452664832
1749296596662144000
1749296596870475776
1749296597086405888
1749296597304568064
1749296597525863424
1749296597745492992
1749296597966251008
1749296598182038784
1749296598398747904
1749296598610737408
1749296598824421632
1749296599037233152
1749296599242387968
1749296599442820608
1749296599641154816
1749296599837810944
1749296600037834752
1749296600238785024
1749296600439478272
1749296600635190272
1749296600838327040
1749296601034075136
1749296601233517056
1749296601436915456
1749296601646368000
1749296601861832192
1749296602073298944
1749296602289875968
1749296602509619968
1749296602730129920
1749296602952481280
1749296603175540736
1749296603400214784
1749296603624884992
1749296603848317696
1749296604070514176
1749296604284918528
1749296604495303680
1749296604709708288
1749296604917173760
1749296605125416448
1749296605333976320
1749296605545643776
1749296605761216256
1749296605968572672
1749296606176702208
1749296606397624576
1749296606621459712
1749296606842803712
1749296607065003776
1749296607286050816
1749296607505496576
1749296607720551680
1749296607931310080
1749296608141189376
1749296608349969920
1749296608555647232
1749296608760276480
1749296608973510656
1749296609187986688
1749296609409364224
1749296609622446592
1749296609838938624
1749296610056645888
1749296610269533696
1749296610480531456
1749296610697300224
1749296610911651072
1749296611126435584
1749296611341795584
1749296611556040448
1749296611769836800
1749296611988539136
1749296612206759680
1749296612418925056
1749296612631845632
1749296612845958400
1749296613060694016
1749296613272293888
1749296613483434240
1749296613693010176
1749296613902481152
1749296614114205952
1749296614332271360
1749296614549204224
1749296614764555264
1749296614981203968
1749296615192412416
1749296615406864384
1749296615621314816
1749296615829905152
1749296616037315328
1749296616242583296
1749296616448843776
1749296616650420224
1749296616853602816
1749296617057624832
1749296617262967808
1749296617472961280
1749296617684163072
1749296617888886272
1749296618095743488
1749296618305488384
1749296618516692992
1749296618729554432
1749296618934521856
1749296619141073664
1749296619350345216
1749296619560047360
1749296619767765760
1749296619982280960
1749296620203038208
1749296620422496256
1749296620638561024
1749296620856274176
1749296621068909824
1749296621269538816
1749296621479683328
1749296621691113728
1749296621904248832
1749296622118905088
1749296622331994624
1749296622548240896
1749296622760848128
1749296622981966080
1749296623206146048
1749296623428963328
1749296623655299584
1749296623876352256
1749296624102230784
1749296624327579392
1749296624552987392
1749296624770238464
1749296624984030464
1749296625197108736
1749296625403847168
1749296625607140608
1749296625811053568
1749296626022012416
1749296626240280320
1749296626453814784
1749296626670002432
1749296626892501504
1749296627105781760
1749296627314097920
1749296627524364032
1749296627734668288
1749296627959477248
1749296628193800192
1749296628424097792
1749296628655841024
1749296628888232448
1749296629117604096
1749296629339531520
1749296629572523520
1749296629800058880
1749296630035160320
1749296630267357696
1749296630498995456
1749296630729898240
1749296630962644224
1749296631188704512
1749296631417985536
1749296631641228544
1749296631865296384
1749296632098891520
1749296632338731008
1749296632578146816
1749296632815329536
1749296633046226432
1749296633272193280
1749296633499213568
1749296633727403520
1749296633954098688
1749296634177586944
1749296634400188672
1749296634621773312
1749296634837391104
1749296635065883904
1749296635287279616
1749296635507800320
1749296635728107776
1749296635947878912
1749296636168421632
1749296636390542080
1749296636610884864
1749296636835584256
1749296637050342912
1749296637261451264
1749296637474358528
1749296637685177088
1749296637903175424
1749296638128837888
1749296638354077184
1749296638570390528
1749296638794917376
1749296639017101312
1749296639241814272
1749296639467692288
1749296639688616448
1749296639902443008
1749296640123788544
1749296640348870656
1749296640578248704
1749296640807959040
1749296641031586560
1749296641263153664
1749296641493969152
1749296641725420544
1749296641953539840
1749296642184855040
1749296642419568896
1749296642648801024
1749296642877615872
1749296643104488192
1749296643332433408
1749296643552524032
1749296643768656384
1749296643983893760
1749296644190637312
1749296644399316992
1749296644608216576
1749296644814821632
1749296645034328832
1749296645244174592
1749296645458324736
1749296645672354304
1749296645886887424
1749296646100144384
1749296646343811328
1749296646557606912
1749296646779263488
1749296647003951872
1749296647226383872
1749296647448878592
1749296647667010560
1749296647884218112
1749296648106277632
1749296648329238016
1749296648552322048
1749296648773547264
1749296648996187392
1749296649217278720
1749296649447688704
1749296649670050816
1749296649891102720
1749296650116879104
1749296650343669504
1749296650571756032
1749296650792809216
1749296651016747008
1749296651248115200
1749296651470540288
1749296651706347264
1749296651937826816
1749296652160125696
1749296652394176512
1749296652617609728
1749296652844420096
1749296653071228928
1749296653297349376
1749296653520991488
1749296653744041984
1749296653956375808
1749296654168328704
1749296654384176128
1749296654598711552
1749296654817898496
1749296655037674496
1749296655250119680
1749296655465859072
1749296655684130816
1749296655885703936
1749296656085688064
1749296656283906560
1749296656476166144
1749296656661037056
1749296656850395904
1749296657047055104
1749296657249280000
1749296657450002432
1749296657651853056
1749296657879245312
1749296658108259328
1749296658340619520
1749296658555593984
1749296658763306752
1749296658969568768
1749296659184342528
1749296659396918528
1749296659619022592
1749296659834797312
1749296660047950336
1749296660255777792
1749296660468659968
1749296660674434048
1749296660888054272
1749296661110949888
1749296661342070784
1749296661563882752
1749296661783127552
1749296662008293888
1749296662252688640
1749296662484169472
1749296662706703104
1749296662927222528
1749296663158734336
1749296663401648128
1749296663631286528
1749296663853859840
1749296664074780672
1749296664294380800
1749296664511501568
1749296664726275584
1749296664930102784
1749296665134644992
1749296665330243072
1749296665521357056
1749296665708839680
1749296665903994880
1749296666100522752
1749296666315075584
1749296666551269376
1749296666771693824
1749296666977896448
1749296667196270848
1749296667419763200
1749296667623427840
1749296667818128128
1749296668016651520
1749296668209538816
1749296668401943808
1749296668604018944
1749296668802801408
1749296669005196544
1749296669215670784
1749296669431091456
1749296669646434048
1749296669880503552
1749296670126342912
1749296670375663616
1749296670692004096
1749296671008196352
1749296671327461632
1749296671644780032
1749296671967750656
1749296672295067648
1749296672620506112
1749296672894561024
1749296673139254784
1749296673398567168
1749296673608901632
1749296673822663936
1749296674029550336
1749296674227119360
1749296674435608320
1749296674632752128
1749296674851140864
1749296675062490624
1749296675282403072
1749296675530291200
1749296675834715136
1749296676154453248
1749296676468922112
1749296676732134656
1749296676960644096
1749296677211939328
1749296677436223744
1749296677657654272
1749296677864796672
1749296678069776640
1749296678283293184
1749296678499342592
1749296678716518144
1749296678927490816
1749296679137280512
1749296679354499328
1749296679565458432
1749296679770472704
1749296679971858432
1749296680166008832
1749296680361998336
1749296680561138176
1749296680759648000
1749296680959193600
1749296681152455168
1749296681349570816
1749296681544006656
1749296681739012096
1749296681932636928
1749296682125607936
1749296682318507264
1749296682514302208
1749296682710514176
1749296682903811584
1749296683100121088
1749296683300391936
1749296683506661376
1749296683713713152
1749296683913012992
1749296684110782976
1749296684300729088
1749296684488142592
1749296684672375296
1749296684861803008
1749296685052262144
1749296685244786688
1749296685440006400
1749296685637276160
1749296685836939520
1749296686036610048
1749296686240005120
1749296686444770560
1749296686656104960
1749296686879162368
1749296687108740096
1749296687330452736
1749296687540004352
1749296687759027968
1749296687972855040
1749296688184788480
1749296688392191488
1749296688594571264
1749296688800675328
1749296689003778560
1749296689211493376
1749296689419052800
1749296689626912512
1749296689841006592
1749296690058280704
1749296690265156096
1749296690475133440
1749296690683072512
1749296690894664704
1749296691107195648
1749296691320356864
1749296691535949056
1749296691757314048
1749296691978670848
1749296692211663872
1749296692431605504
1749296692632414208
1749296692834233088
1749296693042128384
1749296693268512256
1749296693490242816
1749296693699570176
1749296693904640256
1749296694118358016
1749296694336961792
1749296694565346304
1749296694777721344
1749296694990922240
1749296695230548480
1749296695455489792
1749296695671249920
1749296695897853696
1749296696116981760
1749296696331674880
1749296696549654016
1749296696764434688
1749296696983239936
1749296697218384640
1749296697443134208
1749296697666875648
1749296697887485696
1749296698113059840
1749296698343134464
1749296698577585152
1749296698869148416
1749296699128866560
1749296699412363008
1749296699691252992
1749296699935638784
1749296700190975744
1749296700441789184
1749296700698778368
1749296700968444672
1749296701233435136
1749296701499115264
1749296701769241088
1749296702033490432
1749296702296497152
1749296702563668736
1749296702833142272
1749296703099575296
1749296703371586048
1749296703646449664
1749296703910375424
1749296704172813568
1749296704463781120
1749296704729416448
1749296705006391040
1749296705273909760
1749296705538606080
1749296705800667904
1749296706066313984
1749296706320935936
1749296706575464192
1749296706830758656
1749296707088659968
1749296707350024704
1749296707603191040
1749296707859936768
1749296708119577600
1749296708362137344
1749296708598409472
1749296708845345280
1749296709080756224
1749296709314041088
1749296709540667648
1749296709760460544
1749296709988613632
1749296710212400896
1749296710432442624
1749296710648816640
1749296710876658944
1749296711100135936
1749296711327299072
1749296711562678272
1749296711795193856
1749296712012098816
1749296712235479040
1749296712455065088
1749296712673026816
1749296712877083904
1749296713080475392
1749296713284530688
1749296713482426368
1749296713723829504
1749296713926564352
1749296714123068928
1749296714321878016
1749296714523645184
1749296714729131520
1749296714941655552
1749296715153851136
1749296715362859264
1749296715586593024
1749296715799203584
1749296716019803392
1749296716244222976
1749296716469024512
1749296716682748672
1749296716899575552
1749296717131368192
1749296717367506176
1749296717601133824
1749296717833818880
1749296718071727360
1749296718304763904
1749296718541958144
1749296718767179264
1749296718989909248
1749296719201026304
1749296719415329536
1749296719622522880
1749296719828395520
1749296720035320832
1749296720249328384
1749296720463630592
1749296720674757120
1749296720888768000
1749296721102918912
1749296721375749888
1749296721694354688
1749296721979753472
1749296722252706816
1749296722484437760
1749296722706759424
1749296722919889920
1749296723136884736
1749296723378357504
1749296723630927360
1749296723862317824
1749296724073492480
1749296724287760640
1749296724488978944
1749296724694475776
1749296724891959296
1749296725096516352
1749296725305486848
1749296725507997184
1749296725715301376
1749296725922679808
1749296726126986496
1749296726327422208
1749296726536573952
1749296726751180544
1749296726957956608
1749296727162067456
1749296727367200512
1749296727571517952
1749296727771006720
1749296727973114112
1749296728173295360
1749296728372289536
1749296728567428608
1749296728773829888
1749296728987681792
1749296729210980608
1749296729434061312
1749296729652378368
1749296729864821248
1749296730077136896
1749296730283451648
1749296730489559296
1749296730702430976
1749296730912097024
1749296731122951680
1749296731334232832
1749296731547521792
1749296731759775488
1749296731975544064
1749296732198955520
1749296732419478272
1749296732635984384
1749296732856080384
1749296733076071168
1749296733296413440
1749296733527175424
1749296733741756416
1749296733957174272
1749296734172210432
1749296734385710592
1749296734600342784
1749296734819702016
1749296735022256896
1749296735224153344
1749296735424129536
1749296735635078656
1749296735844431104
1749296736054135552
1749296736259360512
1749296736461640960
1749296736661481216
1749296736865319936
1749296737067542272
1749296737272747264
1749296737480409344
1749296737683198464
1749296737889793792
1749296738097505024
1749296738299199744
1749296738502742272
1749296738705034240
1749296738906071552
1749296739106168320
1749296739312005120
1749296739515993856
1749296739731167232
1749296739936049408
1749296740141780736
1749296740336816640
1749296740532500992
1749296740728747008
1749296740925327360
1749296741119042816
1749296741311118592
1749296741503215616
1749296741696261632
1749296741895971328
1749296742090675200
1749296742296231936
1749296742507279872
1749296742718248960
1749296742928859136
1749296743138731776
1749296743340891392
1749296743539440128
1749296743749539328
1749296743957155840
1749296744160354304
1749296744365132032
1749296744572294400
1749296744779942400
1749296744987921920
1749296745189644032
1749296745390353152
1749296745584948480
1749296745779392256
1749296745981519616
1749296746189795584
1749296746394716928
1749296746586768384
1749296746775767808
1749296746964717312
1749296747155976960
1749296747351239168
1749296747539504128
1749296747730525440
1749296747920854784
1749296748114195200
1749296748298964224
1749296748488544768
1749296748684805632
1749296748886997248
1749296749096717312
1749296749310644736
1749296749522556416
1749296749733408256
1749296749949480448
1749296750168798464
1749296750382658560
1749296750589725184
1749296750799064832
1749296751007728640
1749296751225802496
1749296751440832512
1749296751666748160
1749296751889770752
1749296752119174656
1749296752353103616
1749296752580866816
1749296752814161920
1749296753061096448
1749296753297255168
1749296753531047936
1749296753770993920
1749296754014031360
1749296754255659776
1749296754491618560
1749296754728078336
1749296754965142784
1749296755200588800
1749296755426141952
1749296755646600192
1749296755866623744
1749296756093807616
1749296756316284160
1749296756546724864
1749296756772819712
1749296757001428224
1749296757228871424
1749296757448413184
1749296757666400512
1749296757884802048
1749296758100337920
1749296758317851392
1749296758531994112
1749296758746046976
1749296758959358720
1749296759172385792
1749296759384243200
1749296759597609472
1749296759811454208
1749296760024671488
1749296760249625600
1749296760475409408
1749296760700015104
1749296760918120192
1749296761138497792
1749296761359016960
1749296761575075328
1749296761796648960
1749296762015784192
1749296762234639872
1749296762455947264
1749296762672210688
1749296762893059072
1749296763110142208
1749296763326677504
1749296763546534912
1749296763764726016
1749296763983109120
1749296764198614528
1749296764409689344
1749296764623522816
1749296764838280448
1749296765043927296
1749296765246963712
1749296765462285312
1749296765677291008
1749296765889387776
1749296766098352640
1749296766313675008
1749296766527959040
1749296766738311168
1749296766949340416
1749296767160165888
1749296767371683840
1749296767603123456
1749296767836274432
1749296768062833920
1749296768266253056
1749296768469200384
1749296768672431616
1749296768884825088
1749296769097214208
1749296769296467200
1749296769495163648
1749296769699579392
1749296769908375808
1749296770124335104
1749296770338576384
1749296770544259328
1749296770750178816
1749296770961626112
1749296771176836352
1749296771398740224
1749296771620075008
1749296771842042880
1749296772064652544
1749296772285188096
1749296772499697664
1749296772724041984
1749296772949223936
1749296773171236352
1749296773402244096
1749296773651883520
1749296773904265472
1749296774130851072
1749296774353354496
1749296774571107584
1749296774788783104
1749296775003551744
1749296775224956416
1749296775442965248
1749296775662409984
1749296775875394304
1749296776085186560
1749296776299454208
1749296776513618944
1749296776723375360
1749296776929879808
1749296777136736256
1749296777347256320
1749296777560279040
1749296777765848576
1749296778027779072
1749296778235362816
1749296778437346560
1749296778643965952
1749296778858162176
1749296779071012096
1749296779280498688
1749296779489830400
1749296779701711360
1749296779920419328
1749296780141566208
1749296780361192448
1749296780584152064
1749296780809153536
1749296781033672960
1749296781255832832
1749296781472615680
1749296781689903616
1749296781901645824
1749296782115348224
1749296782330465024
1749296782540871424
1749296782751332608
1749296782963200768
1749296783176736768
1749296783378418176
1749296783582498048
1749296783790289664
1749296784004287744
1749296784203574528
1749296784402152960
1749296784600441344
1749296784813510144
1749296785021665792
1749296785237678080
1749296785457168896
1749296785671238656
1749296785891700992
1749296786110515968
1749296786329716224
1749296786551921152
1749296786776208384
1749296787005441280
1749296787230750208
1749296787468392704
1749296787692688640
1749296787915140352
1749296788140253184
1749296788357129984
1749296788575861760
1749296788798434048
1749296789021227008
1749296789239500800
1749296789461663744
1749296789690609408
1749296789920103424
1749296790151234048
1749296790378006784
1749296790605980928
1749296790830671616
1749296791050866176
1749296791282961408
1749296791502273792
1749296791725532928
1749296791947911680
1749296792167820544
1749296792385213696
1749296792602496256
1749296792820005120
1749296793038109184
1749296793255317248
1749296793468625408
1749296793682891008
1749296793896638976
1749296794108943872
1749296794319746816
1749296794530593536
1749296794743347456
1749296794956243200
1749296795174715392
1749296795392782336
1749296795608548352
1749296795827702528
1749296796051737856
1749296796273480192
1749296796502387968
1749296796735644928
1749296796969417472
1749296797195643136
1749296797421487104
1749296797652284160
1749296797872825856
1749296798091687936
1749296798307835648
1749296798523375104
1749296798730334720
1749296798932578560
1749296799134463744
1749296799331980032
1749296799532505344
1749296799733498368
1749296799935006976
1749296800132251904
1749296800340351488
1749296800539694080
1749296800738037504
1749296800938885376
1749296801133872384
1749296801334390272
1749296801534212352
1749296801736517632
1749296801931883264
1749296802132512256
1749296802334135296
1749296802531576064
1749296802735261184
1749296802937406208
1749296803138051584
1749296803336001024
1749296803529112832
1749296803730777856
1749296803946299648
1749296804157147136
1749296804369147904
1749296804582919424
1749296804791205632
1749296805001520128
1749296805207079424
1749296805412033024
1749296805621411840
1749296805841555712
1749296806059361280
1749296806271466496
1749296806487670016
1749296806706238208
1749296806917580032
1749296807132459776
1749296807345172224
1749296807552320256
1749296807760399872
1749296807966588416
1749296808172080384
1749296808400192256
1749296808620929792
1749296808829267712
1749296809039479808
1749296809247874816
1749296809454818304
1749296809660716544
1749296809866043136
1749296810074375936
1749296810282101504
1749296810488910336
1749296810700553984
1749296810906213888
1749296811113007360
1749296811323011328
1749296811534969856
1749296811732980736
1749296811935193088
1749296812133854464
1749296812337088256
1749296812539486464
1749296812739801600
1749296812953124352
1749296813170572288
1749296813386128896
1749296813602428160
1749296813822436864
1749296814041922560
1749296814258821888
1749296814472208896
1749296814691183616
1749296814913421056
1749296815130710272
1749296815346657536
1749296815561702656
1749296815774274304
1749296815978950400
1749296816183376896
1749296816387503872
1749296816588512000
1749296816786456320
1749296816991180800
1749296817205172224
1749296817417062912
1749296817632728064
1749296817847239424
1749296818049360128
1749296818263098880
1749296818486319360
1749296818702118912
1749296818916359680
1749296819133922048
1749296819351031808
1749296819561095936
1749296819765106176
1749296819973878272
1749296820178332416
1749296820372264192
1749296820560856064
1749296820750084096
1749296820942343936
1749296821131226368
1749296821328618240
1749296821539542272
1749296821749314816
1749296821955273472
1749296822160132352
1749296822362542592
1749296822572717568
1749296822782486016
1749296822988555776
1749296823196745472
1749296823405747712
1749296823615143168
1749296823821963008
1749296824030140928
1749296824233852672
1749296824444089344
1749296824655199488
1749296824870781184
1749296825087883264
1749296825300217088
1749296825511504640
1749296825712725504
1749296825929567744
1749296826143182080
1749296826357380352
1749296826571914496
1749296826791175424
1749296827008546048
1749296827227857408
1749296827436156160
1749296827643898624
1749296827855927552
1749296828070732032
1749296828279220224
1749296828493042176
1749296828709343232
1749296828932120320
1749296829147287808
1749296829364114176
1749296829585487872
1749296829802736384
1749296830023867904
1749296830240689664
1749296830462884352
1749296830685485824
1749296830904538112
1749296831128422400
1749296831347608576
1749296831572871168
1749296831799205888
1749296832024741120
1749296832255354112
1749296832490524672
1749296832718194688
1749296832940821504
1749296833167911424
1749296833391491328
1749296833619838464
1749296833851895552
1749296834075690752
1749296834300066048
1749296834527479040
1749296834752423424
1749296834971055104
1749296835189530624
1749296835412448768
1749296835634873344
1749296835859446528
1749296836085601536
1749296836306502656
1749296836533537536
1749296836752879104
1749296836969260544
1749296837183473664
1749296837403361536
1749296837619919104
1749296837834631424
1749296838051428864
1749296838265888768
1749296838478448384
1749296838684860672
1749296838893058304
1749296839098121216
1749296839298345728
1749296839500056064
1749296839699880448
1749296839901732096
1749296840101717248
1749296840304694528
1749296840511568128
1749296840722375680
1749296840932752896
1749296841146332672
1749296841361370880
1749296841578996736
1749296841792109312
1749296842059432448
1749296842271113984
1749296842494776832
1749296842713415424
1749296842923827712
1749296843140139520
1749296843343047424
1749296843555434240
1749296843767426048
1749296843984122112
1749296844198824192
1749296844403041024
1749296844610351360
1749296844814653440
1749296845021102336
1749296845231622656
1749296845441316864
1749296845657513984
1749296845872020224
1749296846083873280
1749296846297177088
1749296846508715776
1749296846721581824
1749296846933374208
1749296847149023744
1749296847358595840
1749296847564998144
1749296847776120320
1749296847984136704
1749296848191030272
1749296848398233600
1749296848607088896
1749296848818415360
1749296849032716800
1749296849250287104
1749296849470033408
1749296849689945856
1749296849909698560
1749296850130639104
1749296850348675840
1749296850567177728
1749296850787756288
1749296851002958336
1749296851217007616
1749296851432642048
1749296851646126848
1749296851856976128
1749296852063526656
1749296852276810752
1749296852494248704
1749296852709109504
1749296852923659520
1749296853147192832
1749296853366805760
1749296853585774848
1749296853794724096
1749296854013378816
1749296854247058944
1749296854470781184
1749296854694640128
1749296854916550656
1749296855144184320
1749296855362004480
1749296855586098176
1749296855803173120
1749296856022355456
1749296856241753344
1749296856458820864
1749296856675463680
1749296856889952000
1749296857105593344
1749296857321915392
1749296857535237376
1749296857745069056
1749296857956790784
1749296858168523008
1749296858377655808
1749296858587951360
1749296858793703424
1749296858998787328
1749296859203904000
1749296859408799744
1749296859609662720
1749296859808548864
1749296860009630720
1749296860216580864
1749296860423275520
1749296860633400576
1749296860853188608
1749296861074510592
1749296861289668352
1749296861503943680
1749296861717931776
1749296861938005504
1749296862153591552
1749296862370160384
1749296862580099072
1749296862791832064
1749296862999890176
1749296863204240896
1749296863403936000
1749296863598505216
1749296863795198464
1749296863989896448
1749296864190531584
1749296864394738688
1749296864606184704
1749296864811899136
1749296865024567552
1749296865241222912
1749296865458393856
1749296865673581312
1749296865888358656
1749296866102352128
1749296866324141056
1749296866548347904
1749296866768871424
1749296866986307840
1749296867201003520
1749296867416601600
1749296867629942272
1749296867845814528
1749296868059753472
1749296868273627136
1749296868479227392
1749296868683908096
1749296868891519488
1749296869101706496
1749296869310307840
1749296869520758016
1749296869735992832
1749296869946170368
1749296870161519104
1749296870379269120
1749296870599847680
1749296870833049856
1749296871060887808
1749296871282742016
1749296871506615552
1749296871721782272
1749296871933523968
1749296872158088448
1749296872384329728
1749296872599909632
1749296872816875264
1749296873030899456
1749296873242056960
1749296873447868416
1749296873651297792
1749296873868330752
1749296874087006464
1749296874300460544
1749296874506323968
1749296874716182016
1749296874928556544
1749296875145570048
1749296875363065856
1749296875583430400
1749296875807724800
1749296876032092416
1749296876259236352
1749296876484335104
1749296876708776192
1749296876926542848
1749296877141073408
1749296877364125184
1749296877585035776
1749296877802313984
1749296878020536576
1749296878233897216
1749296878452828416
1749296878672765440
1749296878890889216
1749296879109920256
1749296879340235264
1749296879565188864
1749296879791521024
1749296880009074688
1749296880223182080
1749296880437290752
1749296880657367040
1749296880866842880
1749296881085599232
1749296881311229696
1749296881534905088
1749296881758051840
1749296881979553280
1749296882200613120
1749296882420967424
1749296882641991168
1749296882859461888
1749296883077312256
1749296883302870272
1749296883522176256
1749296883743093504
1749296883967473152
1749296884196915200
1749296884421952512
1749296884651187200
1749296884879106048
1749296885115355392
1749296885358686464
1749296885589884928
1749296885813981184
1749296886041915136
1749296886272206848
1749296886503220736
1749296886738595840
1749296886977050624
1749296887209609472
1749296887435297792
1749296887660228096
1749296887889518848
1749296888115527936
1749296888343679488
1749296888571468032
1749296888796234752
1749296889025097984
1749296889256320000
1749296889490433024
1749296889717200896
1749296889939938304
1749296890156719872
1749296890388593152
1749296890605848320
1749296890830328064
1749296891062444032
1749296891287008000
1749296891513162496
1749296891734259200
1749296891957617408
1749296892180630528
1749296892402847744
1749296892631814144
1749296892863708416
1749296893090372864
1749296893319041536
1749296893553064448
1749296893793265920
1749296894038096128
1749296894295198720
1749296894562248192
1749296894810440960
1749296895062755584
1749296895332749056
1749296895616329984
