0.000000000
0.333883762
0.667515039
0.997522593
1.327901363
1.669534206
2.000145435
2.330112457
2.660075426
2.988804102
3.314853668
3.640760660
3.965834141
4.292034388
4.615017653
4.907459259
5.142745256
5.355163574
5.565529585
5.777590036
5.987870932
6.196733236
6.404160023
6.607845306
6.812177896
7.015261173
7.209632874
7.405771255
7.604768753
7.809654713
8.015279293
8.225250244
8.436122179
8.646028280
8.858513355
9.069670439
9.282037258
9.494911671
9.709484339
9.927012682
10.143284559
10.359082937
10.574917316
10.791204214
11.009338856
11.226628304
11.443197012
11.656818867
11.871901512
12.090993881
12.307598352
12.523889780
12.744116783
12.960124969
13.172935963
13.387683392
13.607521772
13.825234175
14.037844419
14.256744385
14.469313860
14.687117100
14.899391174
15.114329815
15.327188492
15.542181492
15.757996082
15.967649221
16.172952890
16.379948616
16.587913275
16.798983335
17.009907961
17.219967842
17.429437399
17.642877817
17.854632139
18.074627161
18.294352770
18.517907143
18.743446827
18.967053175
19.186562777
19.416236639
19.641462564
19.863236189
20.076943874
20.294941664
20.513674736
20.733369112
20.943684816
21.155172586
21.364770174
21.573568106
21.788109303
21.997258663
22.212358713
22.432082176
22.650911570
22.870336771
23.090627432
23.308274269
23.528742075
23.749125481
23.975998878
24.195906639
24.420111418
24.641060114
24.863974571
25.076755047
25.296902895
25.514919996
25.731760263
25.950730324
26.171377897
26.389328241
26.604565859
26.819682121
27.049448729
27.275596380
27.513484716
27.782056808
28.066699982
28.417765379
28.767854214
29.118534565
29.464827061
29.814631701
30.163436413
30.513191223
30.860417604
31.171509027
31.408614874
31.627167463
31.840227127
32.051242828
32.274011374
32.541865826
32.879935741
33.215543985
33.543990612
33.851930857
34.094601154
34.317004919
34.529281139
34.741062403
34.952883005
35.165020704
35.371466160
35.576486111
35.785390615
35.995187283
36.206242800
36.417478561
36.627810478
36.844081879
37.058149815
37.274006128
37.488537550
37.709931374
37.934515953
38.153723955
38.373531342
38.588887215
38.808656454
39.026570559
39.243557930
39.457811594
39.675948858
39.891647816
40.105357647
40.319074154
40.531844854
40.736864805
40.941426516
41.148764849
41.363378525
41.575109482
41.784076452
42.001132488
42.216070652
42.435378313
42.649055958
42.867577791
43.084219694
43.304136276
43.519979954
43.736873865
43.949305773
44.166232347
44.382753611
44.598249912
44.818364382
45.035327911
45.250561714
45.469118595
45.688254595
45.905380487
46.121705294
46.341042519
46.559409857
46.777481318
46.993588686
47.206779718
47.420876265
47.634662390
47.855642319
48.072461605
48.289585590
48.506201982
48.726006269
48.945597172
49.161119699
49.378360271
49.597764969
49.815423250
50.032415152
50.243829012
50.458017826
50.671865463
50.883483171
51.094820976
51.307684660
51.519635916
51.728060961
51.942788363
52.155623913
52.373842239
52.598361731
52.820354939
53.049517155
53.273916483
53.496129036
53.719492435
53.939064503
54.164067268
54.380726576
54.597184181
54.816730738
55.034514427
55.254334211
55.471358061
55.700865030
55.927012205
56.151669741
56.380099297
56.604095459
56.822105169
57.039353371
57.261811256
57.487025499
57.706819534
57.930294275
58.147611618
58.371037006
58.589276552
58.811424494
59.029078007
59.246499777
59.464783430
59.693189859
59.916288853
60.137660742
60.359331131
60.585309744
60.820507050
61.053941965
61.286079407
61.514658213
61.743865013
61.972260714
62.199416637
62.429001570
62.655792952
62.878380299
63.105866909
63.322863340
63.541599512
63.757673025
63.976526260
64.195463896
64.409218311
64.629216671
64.850117207
65.063263416
65.281894922
65.499454021
65.721073866
65.945639133
66.176720858
66.402837276
66.634936810
66.866434097
67.100312948
67.326228380
67.554668903
67.775146723
67.994358301
68.211653709
68.429352045
68.645055771
68.862581968
69.079949379
69.301911116
69.520518780
69.732809544
69.946073532
70.155648232
70.366575241
70.589486122
70.805075645
71.020281553
71.233703613
71.449867249
71.672709703
71.898518085
72.127945662
72.356593370
72.582849026
72.811755180
73.039575338
73.264521837
73.492115259
73.720294714
73.939174652
74.152146816
74.365675211
74.567847729
74.772613049
74.978531122
75.185369253
75.394630909
75.591651917
75.790910482
75.991054535
76.190658569
76.388556004
76.582660675
76.782376051
76.991382360
77.195621490
77.401633263
77.605070829
77.811264038
78.011347294
78.216983080
78.421683788
78.615643263
78.819444656
79.026217461
79.231092930
79.433436394
79.636311054
79.835353374
80.034852982
80.240771294
80.442657709
80.645800352
80.850041866
81.060523272
81.263791084
81.470567703
81.675976276
81.887101173
82.098152637
82.313779831
82.538106680
82.759419203
82.979740143
83.208333254
83.431554317
83.652333498
83.861902237
84.068596125
84.278975725
84.484977007
84.690711975
84.898903608
85.107827187
85.318472147
85.522405148
85.722913265
85.930293560
86.154577494
86.363777399
86.574255228
86.783099890
86.999344110
87.213500977
87.429709911
87.646771193
87.857190371
88.067191362
88.275912523
88.482704163
88.688791990
88.895943880
89.112376690
89.331342936
89.544564247
89.753949165
89.968993902
90.182164669
90.397930861
90.619371653
90.839182377
91.059639454
91.284020662
91.505147219
91.720422506
91.933100224
92.146678686
92.360701084
92.576946020
92.783641577
92.992506027
93.208696604
93.420466661
93.638881922
93.855908632
94.073714733
94.293332577
94.512864590
94.733660221
94.947416782
95.164234161
95.379854918
95.597413063
95.816906452
96.035396099
96.252044201
96.468569517
96.686030865
96.899066687
97.111047029
97.320755720
97.527217865
97.730046272
97.936640263
98.140525579
98.348486423
98.553464413
98.761642694
98.968439817
99.173996210
99.383996964
99.588117123
99.790986776
99.997936249
100.201640368
100.406954050
100.610700846
100.816780329
101.025087833
101.227964401
101.434102058
101.639857531
101.845024824
102.052073479
102.259251118
102.467688799
102.677043915
102.884495020
103.092739820
103.299925804
103.510524035
103.722961426
103.933505058
104.151878119
104.368611336
104.584878206
104.804512024
105.020367622
105.237355947
105.452582121
105.668802500
105.882254839
106.093085766
106.299710989
106.504093170
106.706388712
106.909926653
107.110058546
107.308189392
107.506367445
107.707638025
107.907460690
108.109023809
108.311211109
108.512622118
108.716692924
108.917174101
109.119477272
109.320310354
109.518752575
109.715306997
109.919706583
110.115572453
110.310850859
110.507104874
110.703988314
110.904534578
111.101694822
111.298122406
111.490901232
111.681102514
111.875543118
112.066286564
112.254063845
112.444788456
112.635646820
112.825550079
113.015638828
113.201056719
113.390953064
113.581678152
113.775563717
113.968522310
114.167716980
114.372304440
114.572757244
114.775526047
114.981075048
115.182597637
115.382743120
115.590663910
115.796054602
116.007216215
116.212984562
116.418581486
116.627259731
116.834008932
117.034788847
117.230937481
117.432428598
117.637870312
117.843039036
118.050630569
118.257804871
118.467362881
118.677298307
118.890863895
119.096589565
119.304884672
119.513213396
119.723093033
119.931257248
120.136471510
120.340797663
120.544999838
120.752530336
120.959172726
121.162456036
121.366737843
121.576244354
121.784974575
121.996957064
122.209836960
122.426023960
122.643100023
122.857279062
123.073274851
123.286387682
123.500167847
123.710457087
123.923795938
124.136669397
124.345653534
124.551305532
124.753390789
124.955366611
125.161308289
125.375213623
125.590279818
125.806813002
126.023821592
126.241489649
126.460728407
126.680181503
126.900640965
127.116613388
127.337294579
127.559546947
127.774800062
127.990606308
128.208707094
128.435276270
128.658167124
128.883882761
129.099819183
129.318650246
129.534448624
129.756322622
129.974983931
130.195560694
130.411880732
130.631939411
130.848232508
131.063428402
131.274466276
131.485809088
131.699469566
131.916464567
132.134400845
132.355498552
132.576315880
132.794009686
133.027498245
133.249053478
133.468058348
133.689497948
133.907735586
134.122724771
134.345099449
134.562622786
134.779391050
135.001764059
135.232625723
135.453434944
135.673178673
135.892576456
136.110202789
136.331063271
136.552191257
136.772719622
136.990174294
137.209615946
137.422391653
137.636715889
137.846973419
138.060005665
138.270802498
138.478279591
138.690985680
138.899896145
139.109125614
139.311874866
139.512000322
139.714708328
139.920279980
140.126937389
140.332017660
140.535844326
140.736671209
140.937787294
141.136828423
141.335982084
141.532501459
141.725119114
141.917950153
142.114871502
142.311563253
142.516031742
142.719575167
142.919955730
143.122472286
143.325445890
143.526068449
143.724110365
143.924300909
144.127119303
144.326859713
144.526878834
144.726497650
144.927191734
145.125520468
145.326075315
145.527442455
145.725510120
145.926209927
146.130401134
146.330880165
146.533002853
146.732613564
146.939053774
147.145454407
147.349183798
147.555082321
147.755831003
147.957097769
148.158889055
148.354447603
148.551176071
148.764812469
148.956403971
149.146048307
149.332717896
149.519224405
149.709961891
149.892797232
150.081153870
150.269119978
150.458559036
150.655141830
150.857305527
151.059461832
151.265819550
151.477194548
151.691348076
151.909051418
152.123809338
152.339037180
152.556093216
152.768260717
152.983735085
153.200104952
153.411791801
153.623134136
153.840335369
154.046188831
154.251998663
154.453387976
154.654572964
154.855843782
155.055756092
155.253092289
155.454364061
155.656216860
155.855207443
156.066005230
156.275779009
156.484642267
156.697822571
156.915447474
157.133416891
157.348249674
157.563082695
157.779314756
157.997622490
158.214914322
158.429833412
158.637593508
158.845691919
159.051364422
159.257107735
159.460620403
159.668839455
159.879228830
160.096469164
160.318219423
160.531389475
160.746431589
160.962320805
161.177270651
161.391498566
161.608111382
161.827880144
162.041917562
162.254864931
162.465682268
162.678854704
162.886560678
163.099668980
163.310212135
163.519691229
163.728023052
163.943953276
164.162115335
164.383410692
164.603040218
164.823798180
165.039586067
165.256295204
165.468284607
165.681968927
165.894780397
166.099935293
166.300367832
166.498702049
166.695358276
166.895381927
167.096332312
167.297025442
167.492737532
167.695874214
167.891622305
168.091064453
168.294462681
168.503915310
168.719379425
168.930846214
169.147423267
169.367167234
169.587677240
169.810028553
170.033087969
170.257761955
170.482432365
170.705864906
170.928061485
171.142465830
171.352850914
171.567255497
171.774721146
171.982963800
172.191523552
172.403191090
172.618763447
172.826119900
173.034249544
173.255171776
173.479007006
173.700351000
173.922551155
174.143598080
174.363043785
174.578099012
174.788857460
174.998736620
175.207517147
175.413194418
175.617823839
175.831058025
176.045533895
176.266911507
176.479993820
176.696485996
176.914193153
177.127080917
177.338078737
177.554847479
177.769198418
177.983982801
178.199342966
178.413587809
178.627384186
178.846086502
179.064306974
179.276472330
179.489392996
179.703505754
179.918241262
180.129841089
180.340981483
180.550557375
180.760028362
180.971753120
181.189818621
181.406751394
181.622102499
181.838751316
182.049959660
182.264411688
182.478862047
182.687452316
182.894862652
183.100130558
183.306391001
183.507967472
183.711150169
183.915172100
184.120515108
184.330508471
184.541710377
184.746433496
184.953290701
185.163035631
185.374240160
185.587101698
185.792069197
185.998620987
186.207892418
186.417594671
186.625313044
186.839828253
187.060585499
187.280043602
187.496108294
187.713821411
187.926457167
188.127086163
188.337230682
188.548660994
188.761795998
188.976452351
189.189541817
189.405788183
189.618395329
189.839513302
190.063693285
190.286510706
190.512846947
190.733899593
190.959778070
191.185126781
191.410534620
191.627785683
191.841577768
192.054656029
192.261394501
192.464687824
192.668600798
192.879559755
193.097827673
193.311362028
193.527549744
193.750048876
193.963329077
194.171645164
194.381911278
194.592215538
194.817024469
195.051347494
195.281645060
195.513388395
195.745779753
195.975151300
196.197078705
196.430070877
196.657606125
196.892707586
197.124904871
197.356542826
197.587445498
197.820191622
198.046251774
198.275532722
198.498775721
198.722843647
198.956438780
199.196278334
199.435694218
199.672876835
199.903773785
200.129740477
200.356760740
200.584950686
200.811645985
201.035134315
201.257735968
201.479320526
201.694938421
201.923431158
202.144826889
202.365347624
202.585654974
202.805426121
203.025969028
203.248089314
203.468432188
203.693131447
203.907890081
204.118998528
204.331905842
204.542724371
204.760722637
204.986385107
205.211624384
205.427937746
205.652464628
205.874648571
206.099361658
206.325239658
206.546163797
206.759990215
206.981335878
207.206418037
207.435796022
207.665506363
207.889133930
208.120700836
208.351516485
208.582967758
208.811087132
209.042402267
209.277116060
209.506348372
209.735163212
209.962035418
210.189980745
210.410071373
210.626203775
210.841441154
211.048184633
211.256864309
211.465763807
211.672369003
211.891876221
212.101721764
212.315871954
212.529901505
212.744434595
212.957691669
213.201358557
213.415154219
213.636810780
213.861499071
214.083931208
214.306425810
214.524557829
214.741765499
214.963824987
215.186785221
215.409869432
215.631094456
215.853734732
216.074826002
216.305236101
216.527598143
216.748650074
216.974426270
217.201216698
217.429303408
217.650356531
217.874294281
218.105662584
218.328087568
218.563894510
218.795374155
219.017673016
219.251723766
219.475157022
219.701967478
219.928776264
220.154896736
220.378538847
220.601589203
220.813923120
221.025876045
221.241723299
221.456258774
221.675445795
221.895221710
222.107666969
222.323406458
222.541678190
222.743251324
222.943235397
223.141453743
223.333713531
223.518584251
223.707943201
223.904602289
224.106827259
224.307549715
224.509400368
224.736792564
224.965806723
225.198166847
225.413141251
225.620854139
225.827116013
226.041889906
226.254465818
226.476569891
226.692344666
226.905497551
227.113325119
227.326207161
227.531981230
227.745601654
227.968497276
228.199618101
228.421430111
228.640674829
228.865841150
229.110235929
229.341716766
229.564250469
229.784769773
230.016281605
230.259195328
230.488833904
230.711407185
230.932327986
231.151928186
231.369048834
231.583822966
231.787650108
231.992192268
232.187790394
232.378904343
232.566386938
232.761542082
232.958070040
233.172622919
233.408816576
233.629240990
233.835443735
234.053818226
234.277310371
234.480975151
234.675675392
234.874198914
235.067085981
235.259491205
235.461566210
235.660348654
235.862743855
236.073218107
236.288638830
236.503981352
236.738050938
236.983890295
237.233210802
237.549551487
237.865743637
238.185009003
238.502327204
238.825297832
239.152614832
239.478053331
239.752108335
239.996802092
240.256114483
240.466449022
240.680211306
240.887097597
241.084666729
241.293155670
241.490299463
241.708688259
241.920037985
242.139950275
242.387838602
242.692262411
243.012000561
243.326469421
243.589681864
243.818191290
244.069486618
244.293771029
244.515201569
244.722343922
244.927323818
245.140840530
245.356889963
245.574065447
245.785037994
245.994827747
246.212046623
246.423005819
246.628020048
246.829405785
247.023556232
247.219545603
247.418685436
247.617195368
247.816740990
248.010002375
248.207118034
248.401553869
248.596559286
248.790184259
248.983155251
249.176054478
249.371849537
249.568061352
249.761358976
249.957668304
250.157939196
250.364208698
250.571260452
250.770560265
250.968330145
251.158276320
251.345689774
251.529922485
251.719350338
251.909809351
252.102334023
252.297553778
252.494823456
252.694486856
252.894157410
253.097552299
253.302317858
253.513652325
253.736709595
253.966287374
254.187999964
254.397551537
254.616575241
254.830402374
255.042335749
255.249738693
255.452118635
255.658222675
255.861325741
256.069040775
256.276600122
256.484459877
256.698553801
256.915827990
257.122703314
257.332680702
257.540619850
257.752212048
257.964742899
258.177904129
258.393496275
258.614861250
258.836218119
259.069211245
259.289152861
259.489961386
259.691780329
259.899675608
260.126059532
260.347790003
260.557117462
260.762187481
260.975905180
261.194509029
261.422893524
261.635268688
261.848469496
262.088095665
262.313037157
262.528797150
262.755400896
262.974529028
263.189222097
263.407201290
263.621981859
263.840787172
264.075932026
264.300681591
264.524422884
264.745033026
264.970607042
265.200681686
265.435132504
265.726695776
265.986413956
266.269910336
266.548800230
266.793185949
267.048522949
267.299336433
267.556325674
267.825991869
268.090982437
268.356662512
268.626788378
268.891037703
269.154044390
269.421216011
269.690689564
269.957122564
270.229133368
270.503996849
270.767922640
271.030360937
271.321328402
271.586963654
271.863938332
272.131457090
272.396153450
272.658215284
272.923861265
273.178483248
273.433011532
273.688305855
273.946207285
274.207571983
274.460738420
274.717483997
274.977124929
275.219684601
275.455956697
275.702892542
275.938303471
276.171588421
276.398214817
276.618007898
276.846160889
277.069948196
277.289989948
277.506363869
277.734206200
277.957683325
278.184846401
278.420225620
278.652741194
278.869646072
279.093026400
279.312612295
279.530574083
279.734631300
279.938022614
280.142077923
280.339973688
280.581376791
280.784111738
280.980616093
281.179425240
281.381192446
281.586678743
281.799202919
282.011398315
282.220406532
282.444140196
282.656750917
282.877350569
283.101770163
283.326571703
283.540295839
283.757122755
283.988915443
284.225053549
284.458681107
284.691366196
284.929274559
285.162311077
285.399505377
285.624726534
285.847456455
286.058573484
286.272876740
286.480070114
286.685942888
286.892868042
287.106875658
287.321177959
287.532304287
287.746315241
287.960466146
288.233297110
288.551902056
288.837300777
289.110254049
289.341984987
289.564306736
289.777437210
289.994431973
290.235904694
290.488474607
290.719865084
290.931039810
291.145308018
291.346526146
291.552023172
291.749506474
291.954063654
292.163034201
292.365544558
292.572848558
292.780227184
292.984533787
293.184969425
293.394121170
293.608727932
293.815503836
294.019614697
294.224747896
294.429065228
294.628554106
294.830661297
295.030842543
295.229836702
295.424975872
295.631377220
295.845229149
296.068527937
296.291608572
296.509925604
296.722368479
296.934684277
297.140998840
297.347106695
297.559978247
297.769644260
297.980499029
298.191780090
298.405069113
298.617322683
298.833091259
299.056502819
299.277025461
299.493531704
299.713627577
299.933618546
300.153960705
300.384722710
300.599303722
300.814721584
301.029757738
301.243257761
301.457890034
301.677249193
301.879804134
302.081700563
302.281676769
302.492625952
302.701978445
302.911682844
303.116907835
303.319188356
303.519028425
303.722867250
303.925089598
304.130294561
304.337956667
304.540745735
304.747341156
304.955052376
305.156747103
305.360289574
305.562581539
305.763618946
305.963715553
306.169552326
306.373541117
306.588714600
306.793596745
306.999328136
307.194363832
307.390048265
307.586294174
307.782874584
307.976590157
308.168665886
308.360762835
308.553808928
308.753518581
308.948222399
309.153779268
309.364827156
309.575796127
309.786406517
309.996279001
310.198438644
310.396987438
310.607086658
310.814703226
311.017901659
311.222679377
311.429841757
311.637489796
311.845469236
312.047191381
312.247900486
312.442495823
312.636939526
312.839066982
313.047342777
313.252264261
313.444315672
313.633315086
313.822264671
314.013524294
314.208786488
314.397051334
314.588072777
314.778402090
314.971742392
315.156511545
315.346091986
315.542352915
315.744544506
315.954264641
316.168191910
316.380103588
316.590955496
316.807027817
317.026345730
317.240205765
317.447272539
317.656612158
317.865275860
318.083349705
318.298379898
318.524295330
318.747318029
318.976722002
319.210650921
319.438414097
319.671709299
319.918643713
320.154802561
320.388595104
320.628541231
320.871578693
321.113207102
321.349165916
321.585625648
321.822690010
322.058135986
322.283689260
322.504147530
322.724170923
322.951354980
323.173831463
323.404272079
323.630367041
323.858975410
324.086418629
324.305960417
324.523947716
324.742349386
324.957885265
325.175398588
325.389541388
325.603594303
325.816905975
326.029932976
326.241790533
326.455156803
326.669001579
326.882218838
327.107172966
327.332956791
327.557562351
327.775667429
327.996045113
328.216564178
328.432622671
328.654196262
328.873331547
329.092187166
329.313494444
329.529757977
329.750606298
329.967689514
330.184224844
330.404082298
330.622273207
330.840656519
331.056161880
331.267236710
331.481070042
331.695827723
331.901474476
332.104511023
332.319832563
332.534838200
332.746935129
332.955899954
333.171222210
333.385506392
333.595858335
333.806887627
334.017713070
334.229231119
334.460670710
334.693821669
334.920381308
335.123800278
335.326747656
335.529978991
335.742372274
335.954761505
336.154014587
336.352710962
336.557126760
336.765923023
336.981882334
337.196123600
337.401806593
337.607726097
337.819173336
338.034383535
338.256287575
338.477622271
338.699590206
338.922199726
339.142735481
339.357244968
339.581589222
339.806771278
340.028783560
340.259791374
340.509430885
340.761812687
340.988398314
341.210901737
341.428654909
341.646330357
341.861099005
342.082503796
342.300512552
342.519957304
342.732941628
342.942733765
343.157001495
343.371166229
343.580922604
343.787427187
343.994283438
344.204803705
344.417826414
344.623395920
344.885326385
345.092910051
345.294893742
345.501513243
345.715709448
345.928559303
346.138046026
346.347377777
346.559258699
346.777966499
346.999113560
347.218739748
347.441699266
347.666700840
347.891220331
348.113380194
348.330163002
348.547450781
348.759193182
348.972895622
349.188012362
349.398418665
349.608879805
349.820748091
350.034284115
350.235965490
350.440045357
350.647836924
350.861835003
351.061121702
351.259700298
351.457988739
351.671057463
351.879213095
352.095225334
352.314716101
352.528785944
352.749248266
352.968063354
353.187263489
353.409468412
353.633755684
353.862988472
354.088297606
354.325939894
354.550235987
354.772687674
354.997800350
355.214677334
355.433408976
355.655981302
355.878774405
356.097048044
356.319211006
356.548156738
356.777650595
357.008781433
357.235553980
357.463528156
357.688218832
357.908413410
358.140508652
358.359821081
358.583080292
358.805459023
359.025367737
359.242760897
359.460043430
359.677552462
359.895656586
360.112864494
360.326172590
360.540438175
360.754186153
360.966491222
361.177294016
361.388140917
361.600894690
361.813790560
362.032262564
362.250329733
362.466095686
362.685249805
362.909285069
363.131027460
363.359935284
363.593192101
363.826964855
364.053190470
364.279034376
364.509831429
364.730373144
364.949235201
365.165382862
365.380922318
365.587882042
365.790125847
365.992011070
366.189527273
366.390052557
366.591045618
366.792554140
366.989799261
367.197898865
367.397241354
367.595584869
367.796432734
367.991419554
368.191937447
368.391759634
368.594064951
368.789430618
368.990059614
369.191682577
369.389123440
369.592808485
369.794953585
369.995598793
370.193548203
370.386660099
370.588325024
370.803846836
371.014694452
371.226695299
371.440466642
371.648752928
371.859067440
372.064626694
372.269580364
372.478959084
372.699102879
372.916908503
373.129013777
373.345217228
373.563785553
373.775127411
373.990007162
374.202719450
374.409867525
374.617947102
374.824135780
375.029627562
375.257739544
375.478477001
375.686815023
375.897027016
376.105422020
376.312365532
376.518263817
376.723590374
376.931923151
377.139648676
377.346457720
377.558101177
377.763761282
377.970554590
378.180558681
378.392517090
378.590528011
378.792740345
378.991401672
379.194635630
379.397033691
379.597348928
379.810671568
380.028119564
380.243676186
380.459975481
380.679984093
380.899469852
381.116369247
381.329756260
381.548730850
381.770968437
381.988257647
382.204204798
382.419250011
382.631821632
382.836497784
383.040924072
383.245051146
383.446059227
383.644003630
383.848728180
384.062719584
384.274610281
384.490275383
384.704786777
384.906907320
385.120646238
385.343866587
385.559666157
385.773906946
385.991469383
386.208579063
386.418643236
386.622653484
386.831425667
387.035879612
387.229811430
387.418403387
387.607631445
387.799891233
387.988773584
388.186165571
388.397089481
388.606862068
388.812820673
389.017679691
389.220089912
389.430264950
389.640033245
389.846102953
390.054292679
390.263294935
390.472690344
390.679510355
390.887688160
391.091399908
391.301636696
391.512746811
391.728328466
391.945430517
392.157764435
392.369051933
392.570272684
392.787115097
393.000729322
393.214927673
393.429461718
393.648722649
393.866093397
394.085404634
394.293703556
394.501446009
394.713474751
394.928279400
395.136767626
395.350589514
395.566890478
395.789667606
396.004835129
396.221661568
396.443035126
396.660283566
396.881415129
397.098237038
397.320431709
397.543033123
397.762085438
397.985969782
398.205155849
398.430418491
398.656753063
398.882288456
399.112901449
399.348072052
399.575742006
399.798368692
400.025458813
400.249038696
400.477385759
400.709442854
400.933238029
401.157613277
401.385026217
401.609970808
401.828602314
402.047077894
402.269996166
402.492420673
402.716993809
402.943148851
403.164049864
403.391084909
403.610426426
403.826807737
404.041020870
404.260908842
404.477466345
404.692178726
404.908976078
405.123435974
405.335995674
405.542407990
405.750605583
405.955668449
406.155893087
406.357603312
406.557427645
406.759279490
406.959264517
407.162241697
407.369115353
407.579922915
407.790300131
408.003880024
408.218918085
408.436543941
408.649656534
408.916979790
409.128661156
409.352324009
409.570962667
409.781374931
409.997686863
410.200594664
410.412981510
410.624973297
410.841669321
411.056371450
411.260588408
411.467898607
411.672200680
411.878649712
412.089169979
412.298864126
412.515061378
412.729567528
412.941420555
413.154724360
413.366263151
413.579129219
413.790921450
414.006571054
414.216143131
414.422545433
414.633667707
414.841684103
415.048577547
415.255780935
415.464636087
415.675962687
415.890264034
416.107834339
416.327580690
416.547493219
416.767245770
416.988186359
417.206223011
417.424725056
417.645303488
417.860505581
418.074554920
418.290189266
418.503674030
418.714523315
418.921073914
419.134357929
419.351795912
419.566656828
419.781206846
420.004740000
420.224353075
420.443322182
420.652271271
420.870926142
421.104606152
421.328328371
421.552187443
421.774097919
422.001731634
422.219551802
422.443645477
422.660720348
422.879902840
423.099300623
423.316368103
423.533010960
423.747499228
423.963140726
424.179462671
424.392784595
424.602616310
424.814337969
425.026070356
425.235203028
425.445498705
425.651250601
425.856334686
426.061451197
426.266346931
426.467210054
426.666096210
426.867177963
427.074128151
427.280822754
427.490947962
427.710735798
427.932057858
428.147215605
428.361490965
428.575479031
428.795552731
429.011138916
429.227707624
429.437646389
429.649379253
429.857437372
430.061788082
430.261483192
430.456052542
430.652745724
430.847443819
431.048078775
431.252285957
431.463732004
431.669446468
431.882114887
432.098770142
432.315941095
432.531128645
432.745905876
432.959899426
433.181688309
433.405895233
433.626418591
433.843855143
434.058550835
434.274148941
434.487489462
434.703361750
434.917300701
435.131174326
435.336774588
435.541455269
435.749066830
435.959253788
436.167855024
436.378305197
436.593540192
436.803717613
437.019066334
437.236816406
437.457395077
437.690597057
437.918435097
438.140289307
438.364162922
438.579329491
438.791071177
439.015635729
439.241877079
439.457456827
439.674422503
439.888446808
440.099604130
440.305415630
440.508845091
440.725878000
440.944553852
441.158007860
441.363871336
441.573729277
441.786103725
442.003117323
442.220613241
442.440977573
442.665271997
442.889639616
443.116783619
443.341882467
443.566323519
443.784090042
443.998620749
444.221672535
444.442583084
444.659861326
444.878083944
445.091444492
445.310375690
445.530312777
445.748436451
445.967467546
446.197782516
446.422736168
446.649068356
446.866621971
447.080729246
447.294837952
447.514914274
447.724390268
447.943146467
448.168776989
448.392452478
448.615599155
448.837100506
449.058160305
449.278514624
449.499538422
449.717009068
449.934859514
450.160417557
450.379723549
450.600640774
450.825020552
451.054462433
451.279499769
451.508734465
451.736653328
451.972902775
452.216233730
452.447432280
452.671528578
452.899462461
453.129754066
453.360768080
453.596143007
453.834597826
454.067156792
454.292845011
454.517775297
454.747066021
454.973075151
455.201226711
455.429015398
455.653782129
455.882645369
456.113867283
456.347980261
456.574748278
456.797485590
457.014267206
457.246140480
457.463395596
457.687875271
457.919991255
458.144555330
458.370709896
458.591806412
458.815164804
459.038177729
459.260395050
459.489361525
459.721255779
459.947920084
460.176588774
460.410611629
460.650813103
460.895643473
461.152745962
461.419795513
461.667988300
461.920302868
462.190296412
462.473877192
